0.000000 1.998027
0.002000 1.974402
0.004000 1.919640
0.006000 1.834603
0.008000 1.720635
0.010000 1.579530
0.012000 1.413516
0.014000 1.225209
0.016000 1.017581
0.018000 0.793904
0.020000 0.557707
0.022000 0.312714
0.024000 0.062791
0.026000 -0.188124
0.028000 -0.436071
0.030000 -0.677142
0.032000 -0.907533
0.034000 -1.123612
0.036000 -1.321971
0.038000 -1.499482
0.040000 -1.653345
0.042000 -1.781134
0.044000 -1.880833
0.046000 -1.950870
0.048000 -1.990142
0.050000 -1.998027
0.052000 -1.974402
0.054000 -1.919640
0.056000 -1.834603
0.058000 -1.720635
0.060000 -1.579530
0.062000 -1.413516
0.064000 -1.225209
0.066000 -1.017581
0.068000 -0.793904
0.070000 -0.557707
0.072000 -0.312714
0.074000 -0.062791
0.076000 0.188124
0.078000 0.436071
0.080000 0.677142
0.082000 0.907533
0.084000 1.123612
0.086000 1.321971
0.088000 1.499482
0.090000 1.653345
0.092000 1.781134
0.094000 1.880833
0.096000 1.950870
0.098000 1.990142
0.100000 1.998027
0.102000 1.974402
0.104000 1.919640
0.106000 1.834603
0.108000 1.720635
0.110000 1.579530
0.112000 1.413516
0.114000 1.225209
0.116000 1.017581
0.118000 0.793904
0.120000 0.557707
0.122000 0.312714
0.124000 0.062791
0.126000 -0.188124
0.128000 -0.436071
0.130000 -0.677142
0.132000 -0.907533
0.134000 -1.123612
0.136000 -1.321971
0.138000 -1.499482
0.140000 -1.653345
0.142000 -1.781134
0.144000 -1.880833
0.146000 -1.950870
0.148000 -1.990142
0.150000 -1.998027
0.152000 -1.974402
0.154000 -1.919640
0.156000 -1.834603
0.158000 -1.720635
0.160000 -1.579530
0.162000 -1.413516
0.164000 -1.225209
0.166000 -1.017581
0.168000 -0.793904
0.170000 -0.557707
0.172000 -0.312714
0.174000 -0.062791
0.176000 0.188124
0.178000 0.436071
0.180000 0.677142
0.182000 0.907533
0.184000 1.123612
0.186000 1.321971
0.188000 1.499482
0.190000 1.653345
0.192000 1.781134
0.194000 1.880833
0.196000 1.950870
0.198000 1.990142
0.200000 1.998027
0.202000 1.974402
0.204000 1.919640
0.206000 1.834603
0.208000 1.720635
0.210000 1.579530
0.212000 1.413516
0.214000 1.225209
0.216000 1.017581
0.218000 0.793904
0.220000 0.557707
0.222000 0.312714
0.224000 0.062791
0.226000 -0.188124
0.228000 -0.436071
0.230000 -0.677142
0.232000 -0.907533
0.234000 -1.123612
0.236000 -1.321971
0.238000 -1.499482
0.240000 -1.653345
0.242000 -1.781134
0.244000 -1.880833
0.246000 -1.950870
0.248000 -1.990142
0.250000 -1.998027
0.252000 -1.974402
0.254000 -1.919640
0.256000 -1.834603
0.258000 -1.720635
0.260000 -1.579530
0.262000 -1.413516
0.264000 -1.225209
0.266000 -1.017581
0.268000 -0.793904
0.270000 -0.557707
0.272000 -0.312714
0.274000 -0.062791
0.276000 0.188124
0.278000 0.436071
0.280000 0.677142
0.282000 0.907533
0.284000 1.123612
0.286000 1.321971
0.288000 1.499482
0.290000 1.653345
0.292000 1.781134
0.294000 1.880833
0.296000 1.950870
0.298000 1.990142
0.300000 1.998027
0.302000 1.974402
0.304000 1.919640
0.306000 1.834603
0.308000 1.720635
0.310000 1.579530
0.312000 1.413516
0.314000 1.225209
0.316000 1.017581
0.318000 0.793904
0.320000 0.557707
0.322000 0.312714
0.324000 0.062791
0.326000 -0.188124
0.328000 -0.436071
0.330000 -0.677142
0.332000 -0.907533
0.334000 -1.123612
0.336000 -1.321971
0.338000 -1.499482
0.340000 -1.653345
0.342000 -1.781134
0.344000 -1.880833
0.346000 -1.950870
0.348000 -1.990142
0.350000 -1.998027
0.352000 -1.974402
0.354000 -1.919640
0.356000 -1.834603
0.358000 -1.720635
0.360000 -1.579530
0.362000 -1.413516
0.364000 -1.225209
0.366000 -1.017581
0.368000 -0.793904
0.370000 -0.557707
0.372000 -0.312714
0.374000 -0.062791
0.376000 0.188124
0.378000 0.436071
0.380000 0.677142
0.382000 0.907533
0.384000 1.123612
0.386000 1.321971
0.388000 1.499482
0.390000 1.653345
0.392000 1.781134
0.394000 1.880833
0.396000 1.950870
0.398000 1.990142
0.400000 1.998027
0.402000 1.974402
0.404000 1.919640
0.406000 1.834603
0.408000 1.720635
0.410000 1.579530
0.412000 1.413516
0.414000 1.225209
0.416000 1.017581
0.418000 0.793904
0.420000 0.557707
0.422000 0.312714
0.424000 0.062791
0.426000 -0.188124
0.428000 -0.436071
0.430000 -0.677142
0.432000 -0.907533
0.434000 -1.123612
0.436000 -1.321971
0.438000 -1.499482
0.440000 -1.653345
0.442000 -1.781134
0.444000 -1.880833
0.446000 -1.950870
0.448000 -1.990142
0.450000 -1.998027
0.452000 -1.974402
0.454000 -1.919640
0.456000 -1.834603
0.458000 -1.720635
0.460000 -1.579530
0.462000 -1.413516
0.464000 -1.225209
0.466000 -1.017581
0.468000 -0.793904
0.470000 -0.557707
0.472000 -0.312714
0.474000 -0.062791
0.476000 0.188124
0.478000 0.436071
0.480000 0.677142
0.482000 0.907533
0.484000 1.123612
0.486000 1.321971
0.488000 1.499482
0.490000 1.653345
0.492000 1.781134
0.494000 1.880833
0.496000 1.950870
0.498000 1.990142
0.500000 1.998027
0.502000 1.974402
0.504000 1.919640
0.506000 1.834603
0.508000 1.720635
0.510000 1.579530
0.512000 1.413516
0.514000 1.225209
0.516000 1.017581
0.518000 0.793904
0.520000 0.557707
0.522000 0.312714
0.524000 0.062791
0.526000 -0.188124
0.528000 -0.436071
0.530000 -0.677142
0.532000 -0.907533
0.534000 -1.123612
0.536000 -1.321971
0.538000 -1.499482
0.540000 -1.653345
0.542000 -1.781134
0.544000 -1.880833
0.546000 -1.950870
0.548000 -1.990142
0.550000 -1.998027
0.552000 -1.974402
0.554000 -1.919640
0.556000 -1.834603
0.558000 -1.720635
0.560000 -1.579530
0.562000 -1.413516
0.564000 -1.225209
0.566000 -1.017581
0.568000 -0.793904
0.570000 -0.557707
0.572000 -0.312714
0.574000 -0.062791
0.576000 0.188124
0.578000 0.436071
0.580000 0.677142
0.582000 0.907533
0.584000 1.123612
0.586000 1.321971
0.588000 1.499482
0.590000 1.653345
0.592000 1.781134
0.594000 1.880833
0.596000 1.950870
0.598000 1.990142
0.600000 1.998027
0.602000 1.974402
0.604000 1.919640
0.606000 1.834603
0.608000 1.720635
0.610000 1.579530
0.612000 1.413516
0.614000 1.225209
0.616000 1.017581
0.618000 0.793904
0.620000 0.557707
0.622000 0.312714
0.624000 0.062791
0.626000 -0.188124
0.628000 -0.436071
0.630000 -0.677142
0.632000 -0.907533
0.634000 -1.123612
0.636000 -1.321971
0.638000 -1.499482
0.640000 -1.653345
0.642000 -1.781134
0.644000 -1.880833
0.646000 -1.950870
0.648000 -1.990142
0.650000 -1.998027
0.652000 -1.974402
0.654000 -1.919640
0.656000 -1.834603
0.658000 -1.720635
0.660000 -1.579530
0.662000 -1.413516
0.664000 -1.225209
0.666000 -1.017581
0.668000 -0.793904
0.670000 -0.557707
0.672000 -0.312714
0.674000 -0.062791
0.676000 0.188124
0.678000 0.436071
0.680000 0.677142
0.682000 0.907533
0.684000 1.123612
0.686000 1.321971
0.688000 1.499482
0.690000 1.653345
0.692000 1.781134
0.694000 1.880833
0.696000 1.950870
0.698000 1.990142
0.700000 1.998027
0.702000 1.974402
0.704000 1.919640
0.706000 1.834603
0.708000 1.720635
0.710000 1.579530
0.712000 1.413516
0.714000 1.225209
0.716000 1.017581
0.718000 0.793904
0.720000 0.557707
0.722000 0.312714
0.724000 0.062791
0.726000 -0.188124
0.728000 -0.436071
0.730000 -0.677142
0.732000 -0.907533
0.734000 -1.123612
0.736000 -1.321971
0.738000 -1.499482
0.740000 -1.653345
0.742000 -1.781134
0.744000 -1.880833
0.746000 -1.950870
0.748000 -1.990142
0.750000 -1.998027
0.752000 -1.974402
0.754000 -1.919640
0.756000 -1.834603
0.758000 -1.720635
0.760000 -1.579530
0.762000 -1.413516
0.764000 -1.225209
0.766000 -1.017581
0.768000 -0.793904
0.770000 -0.557707
0.772000 -0.312714
0.774000 -0.062791
0.776000 0.188124
0.778000 0.436071
0.780000 0.677142
0.782000 0.907533
0.784000 1.123612
0.786000 1.321971
0.788000 1.499482
0.790000 1.653345
0.792000 1.781134
0.794000 1.880833
0.796000 1.950870
0.798000 1.990142
0.800000 1.998027
0.802000 1.974402
0.804000 1.919640
0.806000 1.834603
0.808000 1.720635
0.810000 1.579530
0.812000 1.413516
0.814000 1.225209
0.816000 1.017581
0.818000 0.793904
0.820000 0.557707
0.822000 0.312714
0.824000 0.062791
0.826000 -0.188124
0.828000 -0.436071
0.830000 -0.677142
0.832000 -0.907533
0.834000 -1.123612
0.836000 -1.321971
0.838000 -1.499482
0.840000 -1.653345
0.842000 -1.781134
0.844000 -1.880833
0.846000 -1.950870
0.848000 -1.990142
0.850000 -1.998027
0.852000 -1.974402
0.854000 -1.919640
0.856000 -1.834603
0.858000 -1.720635
0.860000 -1.579530
0.862000 -1.413516
0.864000 -1.225209
0.866000 -1.017581
0.868000 -0.793904
0.870000 -0.557707
0.872000 -0.312714
0.874000 -0.062791
0.876000 0.188124
0.878000 0.436071
0.880000 0.677142
0.882000 0.907533
0.884000 1.123612
0.886000 1.321971
0.888000 1.499482
0.890000 1.653345
0.892000 1.781134
0.894000 1.880833
0.896000 1.950870
0.898000 1.990142
0.900000 1.998027
0.902000 1.974402
0.904000 1.919640
0.906000 1.834603
0.908000 1.720635
0.910000 1.579530
0.912000 1.413516
0.914000 1.225209
0.916000 1.017581
0.918000 0.793904
0.920000 0.557707
0.922000 0.312714
0.924000 0.062791
0.926000 -0.188124
0.928000 -0.436071
0.930000 -0.677142
0.932000 -0.907533
0.934000 -1.123612
0.936000 -1.321971
0.938000 -1.499482
0.940000 -1.653345
0.942000 -1.781134
0.944000 -1.880833
0.946000 -1.950870
0.948000 -1.990142
0.950000 -1.998027
0.952000 -1.974402
0.954000 -1.919640
0.956000 -1.834603
0.958000 -1.720635
0.960000 -1.579530
0.962000 -1.413516
0.964000 -1.225209
0.966000 -1.017581
0.968000 -0.793904
0.970000 -0.557707
0.972000 -0.312714
0.974000 -0.062791
0.976000 0.188124
0.978000 0.436071
0.980000 0.677142
0.982000 0.907533
0.984000 1.123612
0.986000 1.321971
0.988000 1.499482
0.990000 1.653345
0.992000 1.781134
0.994000 1.880833
0.996000 1.950870
0.998000 1.990142
