1 0.000509 0.000000
2 0.001526 0.000000
3 0.003246 0.000000
4 0.005796 0.000000
5 0.009273 0.000000
6 0.013734 0.000000
7 0.019192 0.000000
8 0.025619 0.000000
9 0.032958 0.000000
10 0.041146 0.000000
11 0.050136 0.000000
12 0.059914 0.000000
13 0.070518 0.000000
14 0.082061 0.000000
15 0.094754 0.000000
16 0.108967 0.000000
17 0.125368 0.000000
18 0.145393 0.000000
19 0.173971 0.000000
20 0.209984 -0.034520
21 0.215457 -0.058774
22 0.221370 -0.076474
23 0.227681 -0.091604
24 0.234299 -0.105325
25 0.241076 -0.118115
26 0.247799 -0.130156
27 0.254181 -0.141450
28 0.259863 -0.151872
29 0.264419 -0.161188
30 0.267385 -0.169095
31 0.268297 -0.175245
32 0.266752 -0.179304
33 0.262475 -0.181007
34 0.255371 -0.180209
35 0.245566 -0.176932
36 0.233397 -0.171369
37 0.219370 -0.163864
38 0.204086 -0.154865
39 0.188163 -0.144859
40 0.172168 -0.134317
41 0.156564 -0.123651
42 0.141702 -0.113190
43 0.127810 -0.103173
44 0.115018 -0.093759
45 0.103373 -0.085037
46 0.092863 -0.077044
47 0.083438 -0.069777
48 0.075025 -0.063209
49 0.067537 -0.057298
50 0.060884 -0.051994
51 0.054979 -0.047241
52 0.049738 -0.042986
53 0.045084 -0.039178
54 0.040948 -0.035768
55 0.037268 -0.032713
56 0.033989 -0.029972
57 0.031061 -0.027511
58 0.028444 -0.025298
59 0.026099 -0.023304
60 0.023994 -0.021504
61 0.022101 -0.019878
62 0.020395 -0.018406
63 0.018854 -0.017070
64 0.017460 -0.015857
65 0.016197 -0.014753
66 0.015049 -0.013746
67 0.014005 -0.012826
68 0.013053 -0.011985
69 0.012183 -0.011214
70 0.011388 -0.010507
71 0.010659 -0.009856
72 0.009990 -0.009258
73 0.009375 -0.008706
74 0.008809 -0.008196
75 0.008287 -0.007725
76 0.007804 -0.007289
77 0.007358 -0.006884
78 0.006945 -0.006509
79 0.006562 -0.006160
80 0.006207 -0.005835
81 0.005876 -0.005532
82 0.005568 -0.005250
83 0.005281 -0.004987
84 0.005014 -0.004740
85 0.004763 -0.004510
86 0.004530 -0.004294
87 0.004311 -0.004091
88 0.004106 -0.003901
89 0.003913 -0.003723
90 0.003733 -0.003555
91 0.003563 -0.003397
92 0.003403 -0.003248
93 0.003253 -0.003108
94 0.003111 -0.002975
95 0.002978 -0.002850
96 0.002852 -0.002732
97 0.002733 -0.002620
98 0.002620 -0.002514
99 0.002514 -0.002414
100 0.002413 -0.002319
101 0.002317 -0.002229
102 0.002227 -0.002144
103 0.002141 -0.002062
104 0.002059 -0.001985
105 0.001982 -0.001912
106 0.001908 -0.001842
107 0.001838 -0.001775
108 0.001771 -0.001712
109 0.001708 -0.001652
110 0.001647 -0.001594
111 0.001589 -0.001539
112 0.001534 -0.001487
113 0.001482 -0.001437
114 0.001432 -0.001389
115 0.001384 -0.001343
116 0.001338 -0.001299
117 0.001294 -0.001257
118 0.001252 -0.001217
119 0.001212 -0.001179
120 0.001174 -0.001142
121 0.001137 -0.001106
122 0.001101 -0.001072
123 0.001067 -0.001040
124 0.001035 -0.001009
125 0.001004 -0.000979
126 0.000974 -0.000950
127 0.000945 -0.000922
128 0.000917 -0.000895
129 0.000891 -0.000870
130 0.000865 -0.000845
131 0.000841 -0.000821
132 0.000817 -0.000798
133 0.000794 -0.000776
134 0.000772 -0.000755
135 0.000751 -0.000735
136 0.000731 -0.000715
137 0.000711 -0.000696
138 0.000692 -0.000678
139 0.000674 -0.000660
140 0.000656 -0.000643
141 0.000639 -0.000626
142 0.000622 -0.000610
143 0.000606 -0.000595
144 0.000591 -0.000580
145 0.000576 -0.000565
146 0.000562 -0.000552
147 0.000548 -0.000538
148 0.000535 -0.000525
149 0.000522 -0.000512
150 0.000509 -0.000500
151 0.000497 -0.000488
152 0.000485 -0.000477
153 0.000474 -0.000466
154 0.000463 -0.000455
155 0.000452 -0.000444
156 0.000441 -0.000434
157 0.000431 -0.000424
158 0.000422 -0.000415
159 0.000412 -0.000406
160 0.000403 -0.000397
161 0.000394 -0.000388
162 0.000385 -0.000379
163 0.000377 -0.000371
164 0.000369 -0.000363
165 0.000361 -0.000355
166 0.000353 -0.000348
167 0.000346 -0.000341
168 0.000338 -0.000334
169 0.000331 -0.000327
170 0.000324 -0.000320
171 0.000318 -0.000313
172 0.000311 -0.000307
173 0.000305 -0.000301
174 0.000299 -0.000295
175 0.000293 -0.000289
176 0.000287 -0.000283
177 0.000281 -0.000277
178 0.000276 -0.000272
179 0.000270 -0.000267
180 0.000265 -0.000262
181 0.000260 -0.000257
182 0.000255 -0.000252
183 0.000250 -0.000247
184 0.000245 -0.000242
185 0.000241 -0.000238
186 0.000236 -0.000233
187 0.000232 -0.000229
188 0.000227 -0.000225
189 0.000223 -0.000221
190 0.000219 -0.000217
191 0.000215 -0.000213
192 0.000211 -0.000209
193 0.000207 -0.000205
194 0.000204 -0.000202
195 0.000200 -0.000198
196 0.000197 -0.000195
197 0.000193 -0.000191
198 0.000190 -0.000188
199 0.000187 -0.000185
200 0.000183 -0.000182
201 0.000180 -0.000178
202 0.000177 -0.000175
203 0.000174 -0.000172
204 0.000171 -0.000170
205 0.000168 -0.000167
206 0.000166 -0.000164
207 0.000163 -0.000161
208 0.000160 -0.000159
209 0.000157 -0.000156
210 0.000155 -0.000154
211 0.000152 -0.000151
212 0.000150 -0.000149
213 0.000148 -0.000146
214 0.000145 -0.000144
215 0.000143 -0.000142
216 0.000141 -0.000139
217 0.000138 -0.000137
218 0.000136 -0.000135
219 0.000134 -0.000133
220 0.000132 -0.000131
221 0.000130 -0.000129
222 0.000128 -0.000127
223 0.000126 -0.000125
224 0.000124 -0.000123
225 0.000122 -0.000121
226 0.000121 -0.000120
227 0.000119 -0.000118
228 0.000117 -0.000116
229 0.000115 -0.000114
230 0.000114 -0.000113
231 0.000112 -0.000111
232 0.000110 -0.000109
233 0.000109 -0.000108
234 0.000107 -0.000106
235 0.000106 -0.000105
236 0.000104 -0.000103
237 0.000103 -0.000102
238 0.000101 -0.000100
239 0.000100 -0.000099
240 0.000098 -0.000098
241 0.000097 -0.000096
242 0.000096 -0.000095
243 0.000094 -0.000094
244 0.000093 -0.000092
245 0.000092 -0.000091
246 0.000090 -0.000090
247 0.000089 -0.000089
248 0.000088 -0.000087
249 0.000087 -0.000086
250 0.000086 -0.000085
251 0.000085 -0.000084
252 0.000083 -0.000083
253 0.000082 -0.000082
254 0.000081 -0.000081
255 0.000080 -0.000080
256 0.000079 -0.000079
257 0.000078 -0.000078
258 0.000077 -0.000077
259 0.000076 -0.000076
260 0.000075 -0.000075
261 0.000074 -0.000074
262 0.000073 -0.000073
263 0.000072 -0.000072
264 0.000071 -0.000071
265 0.000070 -0.000070
266 0.000070 -0.000069
267 0.000069 -0.000068
268 0.000068 -0.000068
269 0.000067 -0.000067
270 0.000066 -0.000066
271 0.000065 -0.000065
272 0.000065 -0.000064
273 0.000064 -0.000063
274 0.000063 -0.000063
275 0.000062 -0.000062
276 0.000062 -0.000061
277 0.000061 -0.000061
278 0.000060 -0.000060
279 0.000059 -0.000059
280 0.000059 -0.000058
281 0.000058 -0.000058
282 0.000057 -0.000057
283 0.000057 -0.000056
284 0.000056 -0.000056
285 0.000055 -0.000055
286 0.000055 -0.000054
287 0.000054 -0.000054
288 0.000053 -0.000053
289 0.000053 -0.000053
290 0.000052 -0.000052
291 0.000052 -0.000051
292 0.000051 -0.000051
293 0.000050 -0.000050
294 0.000050 -0.000050
295 0.000049 -0.000049
296 0.000049 -0.000049
297 0.000048 -0.000048
298 0.000048 -0.000048
299 0.000047 -0.000047
300 0.000047 -0.000047
301 0.000046 -0.000046
302 0.000046 -0.000046
303 0.000045 -0.000045
304 0.000045 -0.000045
305 0.000044 -0.000044
306 0.000044 -0.000044
307 0.000043 -0.000043
308 0.000043 -0.000043
309 0.000042 -0.000042
310 0.000042 -0.000042
311 0.000041 -0.000041
312 0.000041 -0.000041
313 0.000041 -0.000040
314 0.000040 -0.000040
315 0.000040 -0.000040
316 0.000039 -0.000039
317 0.000039 -0.000039
318 0.000039 -0.000038
319 0.000038 -0.000038
320 0.000038 -0.000038
321 0.000037 -0.000037
322 0.000037 -0.000037
323 0.000037 -0.000037
324 0.000036 -0.000036
325 0.000036 -0.000036
326 0.000036 -0.000035
327 0.000035 -0.000035
328 0.000035 -0.000035
329 0.000035 -0.000034
330 0.000034 -0.000034
331 0.000034 -0.000034
332 0.000034 -0.000033
333 0.000033 -0.000033
334 0.000033 -0.000033
335 0.000033 -0.000032
336 0.000032 -0.000032
337 0.000032 -0.000032
338 0.000032 -0.000031
339 0.000031 -0.000031
340 0.000031 -0.000031
341 0.000031 -0.000031
342 0.000030 -0.000030
343 0.000030 -0.000030
344 0.000030 -0.000030
345 0.000030 -0.000029
346 0.000029 -0.000029
347 0.000029 -0.000029
348 0.000029 -0.000029
349 0.000028 -0.000028
350 0.000028 -0.000028
351 0.000028 -0.000028
352 0.000028 -0.000028
353 0.000027 -0.000027
354 0.000027 -0.000027
355 0.000027 -0.000027
356 0.000027 -0.000027
357 0.000026 -0.000026
358 0.000026 -0.000026
359 0.000026 -0.000026
360 0.000026 -0.000026
361 0.000026 -0.000025
362 0.000025 -0.000025
363 0.000025 -0.000025
364 0.000025 -0.000025
365 0.000025 -0.000025
366 0.000024 -0.000024
367 0.000024 -0.000024
368 0.000024 -0.000024
369 0.000024 -0.000024
370 0.000024 -0.000023
371 0.000023 -0.000023
372 0.000023 -0.000023
373 0.000023 -0.000023
374 0.000023 -0.000023
375 0.000023 -0.000022
376 0.000022 -0.000022
377 0.000022 -0.000022
378 0.000022 -0.000022
379 0.000022 -0.000022
380 0.000022 -0.000022
381 0.000021 -0.000021
382 0.000021 -0.000021
383 0.000021 -0.000021
384 0.000021 -0.000021
385 0.000021 -0.000021
386 0.000021 -0.000020
387 0.000020 -0.000020
388 0.000020 -0.000020
389 0.000020 -0.000020
390 0.000020 -0.000020
391 0.000020 -0.000020
392 0.000020 -0.000020
393 0.000019 -0.000019
394 0.000019 -0.000019
395 0.000019 -0.000019
396 0.000019 -0.000019
397 0.000019 -0.000019
398 0.000019 -0.000019
399 0.000018 -0.000018
400 0.000018 -0.000018
401 0.000018 -0.000018
402 0.000018 -0.000018
403 0.000018 -0.000018
404 0.000018 -0.000018
405 0.000018 -0.000018
406 0.000017 -0.000017
407 0.000017 -0.000017
408 0.000017 -0.000017
409 0.000017 -0.000017
410 0.000017 -0.000017
411 0.000017 -0.000017
412 0.000017 -0.000017
413 0.000017 -0.000016
414 0.000016 -0.000016
415 0.000016 -0.000016
416 0.000016 -0.000016
417 0.000016 -0.000016
418 0.000016 -0.000016
419 0.000016 -0.000016
420 0.000016 -0.000016
421 0.000016 -0.000016
422 0.000015 -0.000015
423 0.000015 -0.000015
424 0.000015 -0.000015
425 0.000015 -0.000015
426 0.000015 -0.000015
427 0.000015 -0.000015
428 0.000015 -0.000015
429 0.000015 -0.000015
430 0.000015 -0.000014
431 0.000014 -0.000014
432 0.000014 -0.000014
433 0.000014 -0.000014
434 0.000014 -0.000014
435 0.000014 -0.000014
436 0.000014 -0.000014
437 0.000014 -0.000014
438 0.000014 -0.000014
439 0.000014 -0.000014
440 0.000013 -0.000013
441 0.000013 -0.000013
442 0.000013 -0.000013
443 0.000013 -0.000013
444 0.000013 -0.000013
445 0.000013 -0.000013
446 0.000013 -0.000013
447 0.000013 -0.000013
448 0.000013 -0.000013
449 0.000013 -0.000013
450 0.000013 -0.000013
451 0.000012 -0.000012
452 0.000012 -0.000012
453 0.000012 -0.000012
454 0.000012 -0.000012
455 0.000012 -0.000012
456 0.000012 -0.000012
457 0.000012 -0.000012
458 0.000012 -0.000012
459 0.000012 -0.000012
460 0.000012 -0.000012
461 0.000012 -0.000012
462 0.000012 -0.000012
463 0.000011 -0.000011
464 0.000011 -0.000011
465 0.000011 -0.000011
466 0.000011 -0.000011
467 0.000011 -0.000011
468 0.000011 -0.000011
469 0.000011 -0.000011
470 0.000011 -0.000011
471 0.000011 -0.000011
472 0.000011 -0.000011
473 0.000011 -0.000011
474 0.000011 -0.000011
475 0.000011 -0.000011
476 0.000011 -0.000010
477 0.000010 -0.000010
478 0.000010 -0.000010
479 0.000010 -0.000010
480 0.000010 -0.000010
481 0.000010 -0.000010
482 0.000010 -0.000010
483 0.000010 -0.000010
484 0.000010 -0.000010
485 0.000010 -0.000010
486 0.000010 -0.000010
487 0.000010 -0.000010
488 0.000010 -0.000010
489 0.000010 -0.000010
490 0.000010 -0.000010
491 0.000010 -0.000010
492 0.000009 -0.000009
493 0.000009 -0.000009
494 0.000009 -0.000009
495 0.000009 -0.000009
496 0.000009 -0.000009
497 0.000009 -0.000009
498 0.000009 -0.000009
499 0.000009 -0.000009
500 0.000009 -0.000009
501 0.000009 -0.000009
502 0.000009 -0.000009
503 0.000009 -0.000009
504 0.000009 -0.000009
505 0.000009 -0.000009
506 0.000009 -0.000009
507 0.000009 -0.000009
508 0.000009 -0.000009
509 0.000008 -0.000008
510 0.000008 -0.000008
511 0.000008 -0.000008
512 0.000008 -0.000008
513 0.000008 -0.000008
514 0.000008 -0.000008
515 0.000008 -0.000008
516 0.000008 -0.000008
517 0.000008 -0.000008
518 0.000008 -0.000008
519 0.000008 -0.000008
520 0.000008 -0.000008
521 0.000008 -0.000008
522 0.000008 -0.000008
523 0.000008 -0.000008
524 0.000008 -0.000008
525 0.000008 -0.000008
526 0.000008 -0.000008
527 0.000008 -0.000008
528 0.000008 -0.000008
529 0.000008 -0.000008
530 0.000007 -0.000007
531 0.000007 -0.000007
532 0.000007 -0.000007
533 0.000007 -0.000007
534 0.000007 -0.000007
535 0.000007 -0.000007
536 0.000007 -0.000007
537 0.000007 -0.000007
538 0.000007 -0.000007
539 0.000007 -0.000007
540 0.000007 -0.000007
541 0.000007 -0.000007
542 0.000007 -0.000007
543 0.000007 -0.000007
544 0.000007 -0.000007
545 0.000007 -0.000007
546 0.000007 -0.000007
547 0.000007 -0.000007
548 0.000007 -0.000007
549 0.000007 -0.000007
550 0.000007 -0.000007
551 0.000007 -0.000007
552 0.000007 -0.000007
553 0.000007 -0.000007
554 0.000006 -0.000006
555 0.000006 -0.000006
556 0.000006 -0.000006
557 0.000006 -0.000006
558 0.000006 -0.000006
559 0.000006 -0.000006
560 0.000006 -0.000006
561 0.000006 -0.000006
562 0.000006 -0.000006
563 0.000006 -0.000006
564 0.000006 -0.000006
565 0.000006 -0.000006
566 0.000006 -0.000006
567 0.000006 -0.000006
568 0.000006 -0.000006
569 0.000006 -0.000006
570 0.000006 -0.000006
571 0.000006 -0.000006
572 0.000006 -0.000006
573 0.000006 -0.000006
574 0.000006 -0.000006
575 0.000006 -0.000006
576 0.000006 -0.000006
577 0.000006 -0.000006
578 0.000006 -0.000006
579 0.000006 -0.000006
580 0.000006 -0.000006
581 0.000006 -0.000006
582 0.000006 -0.000006
583 0.000006 -0.000006
584 0.000006 -0.000005
585 0.000005 -0.000005
586 0.000005 -0.000005
587 0.000005 -0.000005
588 0.000005 -0.000005
589 0.000005 -0.000005
590 0.000005 -0.000005
591 0.000005 -0.000005
592 0.000005 -0.000005
593 0.000005 -0.000005
594 0.000005 -0.000005
595 0.000005 -0.000005
596 0.000005 -0.000005
597 0.000005 -0.000005
598 0.000005 -0.000005
599 0.000005 -0.000005
600 0.000005 -0.000005
601 0.000005 -0.000005
602 0.000005 -0.000005
603 0.000005 -0.000005
604 0.000005 -0.000005
605 0.000005 -0.000005
606 0.000005 -0.000005
607 0.000005 -0.000005
608 0.000005 -0.000005
609 0.000005 -0.000005
610 0.000005 -0.000005
611 0.000005 -0.000005
612 0.000005 -0.000005
613 0.000005 -0.000005
614 0.000005 -0.000005
615 0.000005 -0.000005
616 0.000005 -0.000005
617 0.000005 -0.000005
618 0.000005 -0.000005
619 0.000005 -0.000005
620 0.000005 -0.000005
621 0.000005 -0.000005
622 0.000005 -0.000005
623 0.000004 -0.000004
624 0.000004 -0.000004
625 0.000004 -0.000004
626 0.000004 -0.000004
627 0.000004 -0.000004
628 0.000004 -0.000004
629 0.000004 -0.000004
630 0.000004 -0.000004
631 0.000004 -0.000004
632 0.000004 -0.000004
633 0.000004 -0.000004
634 0.000004 -0.000004
635 0.000004 -0.000004
636 0.000004 -0.000004
637 0.000004 -0.000004
638 0.000004 -0.000004
639 0.000004 -0.000004
640 0.000004 -0.000004
641 0.000004 -0.000004
642 0.000004 -0.000004
643 0.000004 -0.000004
644 0.000004 -0.000004
645 0.000004 -0.000004
646 0.000004 -0.000004
647 0.000004 -0.000004
648 0.000004 -0.000004
649 0.000004 -0.000004
650 0.000004 -0.000004
651 0.000004 -0.000004
652 0.000004 -0.000004
653 0.000004 -0.000004
654 0.000004 -0.000004
655 0.000004 -0.000004
656 0.000004 -0.000004
657 0.000004 -0.000004
658 0.000004 -0.000004
659 0.000004 -0.000004
660 0.000004 -0.000004
661 0.000004 -0.000004
662 0.000004 -0.000004
663 0.000004 -0.000004
664 0.000004 -0.000004
665 0.000004 -0.000004
666 0.000004 -0.000004
667 0.000004 -0.000004
668 0.000004 -0.000004
669 0.000004 -0.000004
670 0.000004 -0.000004
671 0.000004 -0.000004
672 0.000004 -0.000004
673 0.000004 -0.000004
674 0.000004 -0.000004
675 0.000003 -0.000003
676 0.000003 -0.000003
677 0.000003 -0.000003
678 0.000003 -0.000003
679 0.000003 -0.000003
680 0.000003 -0.000003
681 0.000003 -0.000003
682 0.000003 -0.000003
683 0.000003 -0.000003
684 0.000003 -0.000003
685 0.000003 -0.000003
686 0.000003 -0.000003
687 0.000003 -0.000003
688 0.000003 -0.000003
689 0.000003 -0.000003
690 0.000003 -0.000003
691 0.000003 -0.000003
692 0.000003 -0.000003
693 0.000003 -0.000003
694 0.000003 -0.000003
695 0.000003 -0.000003
696 0.000003 -0.000003
697 0.000003 -0.000003
698 0.000003 -0.000003
699 0.000003 -0.000003
700 0.000003 -0.000003
701 0.000003 -0.000003
702 0.000003 -0.000003
703 0.000003 -0.000003
704 0.000003 -0.000003
705 0.000003 -0.000003
706 0.000003 -0.000003
707 0.000003 -0.000003
708 0.000003 -0.000003
709 0.000003 -0.000003
710 0.000003 -0.000003
711 0.000003 -0.000003
712 0.000003 -0.000003
713 0.000003 -0.000003
714 0.000003 -0.000003
715 0.000003 -0.000003
716 0.000003 -0.000003
717 0.000003 -0.000003
718 0.000003 -0.000003
719 0.000003 -0.000003
720 0.000003 -0.000003
721 0.000003 -0.000003
722 0.000003 -0.000003
723 0.000003 -0.000003
724 0.000003 -0.000003
725 0.000003 -0.000003
726 0.000003 -0.000003
727 0.000003 -0.000003
728 0.000003 -0.000003
729 0.000003 -0.000003
730 0.000003 -0.000003
731 0.000003 -0.000003
732 0.000003 -0.000003
733 0.000003 -0.000003
734 0.000003 -0.000003
735 0.000003 -0.000003
736 0.000003 -0.000003
737 0.000003 -0.000003
738 0.000003 -0.000003
739 0.000003 -0.000003
740 0.000003 -0.000003
741 0.000003 -0.000003
742 0.000003 -0.000003
743 0.000003 -0.000003
744 0.000003 -0.000003
745 0.000003 -0.000003
746 0.000003 -0.000003
747 0.000003 -0.000003
748 0.000003 -0.000003
749 0.000003 -0.000003
750 0.000003 -0.000003
751 0.000003 -0.000003
752 0.000002 -0.000002
753 0.000002 -0.000002
754 0.000002 -0.000002
755 0.000002 -0.000002
756 0.000002 -0.000002
757 0.000002 -0.000002
758 0.000002 -0.000002
759 0.000002 -0.000002
760 0.000002 -0.000002
761 0.000002 -0.000002
762 0.000002 -0.000002
763 0.000002 -0.000002
764 0.000002 -0.000002
765 0.000002 -0.000002
766 0.000002 -0.000002
767 0.000002 -0.000002
768 0.000002 -0.000002
769 0.000002 -0.000002
770 0.000002 -0.000002
771 0.000002 -0.000002
772 0.000002 -0.000002
773 0.000002 -0.000002
774 0.000002 -0.000002
775 0.000002 -0.000002
776 0.000002 -0.000002
777 0.000002 -0.000002
778 0.000002 -0.000002
779 0.000002 -0.000002
780 0.000002 -0.000002
781 0.000002 -0.000002
782 0.000002 -0.000002
783 0.000002 -0.000002
784 0.000002 -0.000002
785 0.000002 -0.000002
786 0.000002 -0.000002
787 0.000002 -0.000002
788 0.000002 -0.000002
789 0.000002 -0.000002
790 0.000002 -0.000002
791 0.000002 -0.000002
792 0.000002 -0.000002
793 0.000002 -0.000002
794 0.000002 -0.000002
795 0.000002 -0.000002
796 0.000002 -0.000002
797 0.000002 -0.000002
798 0.000002 -0.000002
799 0.000002 -0.000002
800 0.000002 -0.000002
801 0.000002 -0.000002
802 0.000002 -0.000002
803 0.000002 -0.000002
804 0.000002 -0.000002
805 0.000002 -0.000002
806 0.000002 -0.000002
807 0.000002 -0.000002
808 0.000002 -0.000002
809 0.000002 -0.000002
810 0.000002 -0.000002
811 0.000002 -0.000002
812 0.000002 -0.000002
813 0.000002 -0.000002
814 0.000002 -0.000002
815 0.000002 -0.000002
816 0.000002 -0.000002
817 0.000002 -0.000002
818 0.000002 -0.000002
819 0.000002 -0.000002
820 0.000002 -0.000002
821 0.000002 -0.000002
822 0.000002 -0.000002
823 0.000002 -0.000002
824 0.000002 -0.000002
825 0.000002 -0.000002
826 0.000002 -0.000002
827 0.000002 -0.000002
828 0.000002 -0.000002
829 0.000002 -0.000002
830 0.000002 -0.000002
831 0.000002 -0.000002
832 0.000002 -0.000002
833 0.000002 -0.000002
834 0.000002 -0.000002
835 0.000002 -0.000002
836 0.000002 -0.000002
837 0.000002 -0.000002
838 0.000002 -0.000002
839 0.000002 -0.000002
840 0.000002 -0.000002
841 0.000002 -0.000002
842 0.000002 -0.000002
843 0.000002 -0.000002
844 0.000002 -0.000002
845 0.000002 -0.000002
846 0.000002 -0.000002
847 0.000002 -0.000002
848 0.000002 -0.000002
849 0.000002 -0.000002
850 0.000002 -0.000002
851 0.000002 -0.000002
852 0.000002 -0.000002
853 0.000002 -0.000002
854 0.000002 -0.000002
855 0.000002 -0.000002
856 0.000002 -0.000002
857 0.000002 -0.000002
858 0.000002 -0.000002
859 0.000002 -0.000002
860 0.000002 -0.000002
861 0.000002 -0.000002
862 0.000002 -0.000002
863 0.000002 -0.000002
864 0.000002 -0.000002
865 0.000002 -0.000002
866 0.000002 -0.000002
867 0.000002 -0.000002
868 0.000002 -0.000002
869 0.000002 -0.000002
870 0.000002 -0.000002
871 0.000002 -0.000002
872 0.000002 -0.000002
873 0.000002 -0.000002
874 0.000002 -0.000002
875 0.000002 -0.000002
876 0.000002 -0.000002
877 0.000002 -0.000002
878 0.000002 -0.000002
879 0.000002 -0.000002
880 0.000002 -0.000002
881 0.000002 -0.000002
882 0.000002 -0.000002
883 0.000002 -0.000002
884 0.000002 -0.000002
885 0.000002 -0.000002
886 0.000002 -0.000002
887 0.000001 -0.000001
888 0.000001 -0.000001
889 0.000001 -0.000001
890 0.000001 -0.000001
891 0.000001 -0.000001
892 0.000001 -0.000001
893 0.000001 -0.000001
894 0.000001 -0.000001
895 0.000001 -0.000001
896 0.000001 -0.000001
897 0.000001 -0.000001
898 0.000001 -0.000001
899 0.000001 -0.000001
900 0.000001 -0.000001
901 0.000001 -0.000001
902 0.000001 -0.000001
903 0.000001 -0.000001
904 0.000001 -0.000001
905 0.000001 -0.000001
906 0.000001 -0.000001
907 0.000001 -0.000001
908 0.000001 -0.000001
909 0.000001 -0.000001
910 0.000001 -0.000001
911 0.000001 -0.000001
912 0.000001 -0.000001
913 0.000001 -0.000001
914 0.000001 -0.000001
915 0.000001 -0.000001
916 0.000001 -0.000001
917 0.000001 -0.000001
918 0.000001 -0.000001
919 0.000001 -0.000001
920 0.000001 -0.000001
921 0.000001 -0.000001
922 0.000001 -0.000001
923 0.000001 -0.000001
924 0.000001 -0.000001
925 0.000001 -0.000001
926 0.000001 -0.000001
927 0.000001 -0.000001
928 0.000001 -0.000001
929 0.000001 -0.000001
930 0.000001 -0.000001
931 0.000001 -0.000001
932 0.000001 -0.000001
933 0.000001 -0.000001
934 0.000001 -0.000001
935 0.000001 -0.000001
936 0.000001 -0.000001
937 0.000001 -0.000001
938 0.000001 -0.000001
939 0.000001 -0.000001
940 0.000001 -0.000001
941 0.000001 -0.000001
942 0.000001 -0.000001
943 0.000001 -0.000001
944 0.000001 -0.000001
945 0.000001 -0.000001
946 0.000001 -0.000001
947 0.000001 -0.000001
948 0.000001 -0.000001
949 0.000001 -0.000001
950 0.000001 -0.000001
951 0.000001 -0.000001
952 0.000001 -0.000001
953 0.000001 -0.000001
954 0.000001 -0.000001
955 0.000001 -0.000001
956 0.000001 -0.000001
957 0.000001 -0.000001
958 0.000001 -0.000001
959 0.000001 -0.000001
960 0.000001 -0.000001
961 0.000001 -0.000001
962 0.000001 -0.000001
963 0.000001 -0.000001
964 0.000001 -0.000001
965 0.000001 -0.000001
966 0.000001 -0.000001
967 0.000001 -0.000001
968 0.000001 -0.000001
969 0.000001 -0.000001
970 0.000001 -0.000001
971 0.000001 -0.000001
972 0.000001 -0.000001
973 0.000001 -0.000001
974 0.000001 -0.000001
975 0.000001 -0.000001
976 0.000001 -0.000001
977 0.000001 -0.000001
978 0.000001 -0.000001
979 0.000001 -0.000001
980 0.000001 -0.000001
981 0.000001 -0.000001
982 0.000001 -0.000001
983 0.000001 -0.000001
984 0.000001 -0.000001
985 0.000001 -0.000001
986 0.000001 -0.000001
987 0.000001 -0.000001
988 0.000001 -0.000001
989 0.000001 -0.000001
990 0.000001 -0.000001
991 0.000001 -0.000001
992 0.000001 -0.000001
993 0.000001 -0.000001
994 0.000001 -0.000001
995 0.000001 -0.000001
996 0.000001 -0.000001
997 0.000001 -0.000001
998 0.000001 -0.000001
999 0.000001 -0.000001
1000 0.000001 -0.000001
1001 0.000001 -0.000001
1002 0.000001 -0.000001
1003 0.000001 -0.000001
1004 0.000001 -0.000001
1005 0.000001 -0.000001
1006 0.000001 -0.000001
1007 0.000001 -0.000001
1008 0.000001 -0.000001
1009 0.000001 -0.000001
1010 0.000001 -0.000001
1011 0.000001 -0.000001
1012 0.000001 -0.000001
1013 0.000001 -0.000001
1014 0.000001 -0.000001
1015 0.000001 -0.000001
1016 0.000001 -0.000001
1017 0.000001 -0.000001
1018 0.000001 -0.000001
1019 0.000001 -0.000001
1020 0.000001 -0.000001
1021 0.000001 -0.000001
1022 0.000001 -0.000001
1023 0.000001 -0.000001
1024 0.000001 -0.000001
1025 0.000001 -0.000001
1026 0.000001 -0.000001
1027 0.000001 -0.000001
1028 0.000001 -0.000001
1029 0.000001 -0.000001
1030 0.000001 -0.000001
1031 0.000001 -0.000001
1032 0.000001 -0.000001
1033 0.000001 -0.000001
1034 0.000001 -0.000001
1035 0.000001 -0.000001
1036 0.000001 -0.000001
1037 0.000001 -0.000001
1038 0.000001 -0.000001
1039 0.000001 -0.000001
1040 0.000001 -0.000001
1041 0.000001 -0.000001
1042 0.000001 -0.000001
1043 0.000001 -0.000001
1044 0.000001 -0.000001
1045 0.000001 -0.000001
1046 0.000001 -0.000001
1047 0.000001 -0.000001
1048 0.000001 -0.000001
1049 0.000001 -0.000001
1050 0.000001 -0.000001
1051 0.000001 -0.000001
1052 0.000001 -0.000001
1053 0.000001 -0.000001
1054 0.000001 -0.000001
1055 0.000001 -0.000001
1056 0.000001 -0.000001
1057 0.000001 -0.000001
1058 0.000001 -0.000001
1059 0.000001 -0.000001
1060 0.000001 -0.000001
1061 0.000001 -0.000001
1062 0.000001 -0.000001
1063 0.000001 -0.000001
1064 0.000001 -0.000001
1065 0.000001 -0.000001
1066 0.000001 -0.000001
1067 0.000001 -0.000001
1068 0.000001 -0.000001
1069 0.000001 -0.000001
1070 0.000001 -0.000001
1071 0.000001 -0.000001
1072 0.000001 -0.000001
1073 0.000001 -0.000001
1074 0.000001 -0.000001
1075 0.000001 -0.000001
1076 0.000001 -0.000001
1077 0.000001 -0.000001
1078 0.000001 -0.000001
1079 0.000001 -0.000001
1080 0.000001 -0.000001
1081 0.000001 -0.000001
1082 0.000001 -0.000001
1083 0.000001 -0.000001
1084 0.000001 -0.000001
1085 0.000001 -0.000001
1086 0.000001 -0.000001
1087 0.000001 -0.000001
1088 0.000001 -0.000001
1089 0.000001 -0.000001
1090 0.000001 -0.000001
1091 0.000001 -0.000001
1092 0.000001 -0.000001
1093 0.000001 -0.000001
1094 0.000001 -0.000001
1095 0.000001 -0.000001
1096 0.000001 -0.000001
1097 0.000001 -0.000001
1098 0.000001 -0.000001
1099 0.000001 -0.000001
1100 0.000001 -0.000001
1101 0.000001 -0.000001
1102 0.000001 -0.000001
1103 0.000001 -0.000001
1104 0.000001 -0.000001
1105 0.000001 -0.000001
1106 0.000001 -0.000001
1107 0.000001 -0.000001
1108 0.000001 -0.000001
1109 0.000001 -0.000001
1110 0.000001 -0.000001
1111 0.000001 -0.000001
1112 0.000001 -0.000001
1113 0.000001 -0.000001
1114 0.000001 -0.000001
1115 0.000001 -0.000001
1116 0.000001 -0.000001
1117 0.000001 -0.000001
1118 0.000001 -0.000001
1119 0.000001 -0.000001
1120 0.000001 -0.000001
1121 0.000001 -0.000001
1122 0.000001 -0.000001
1123 0.000001 -0.000001
1124 0.000001 -0.000001
1125 0.000001 -0.000001
1126 0.000001 -0.000001
1127 0.000001 -0.000001
1128 0.000001 -0.000001
1129 0.000001 -0.000001
1130 0.000001 -0.000001
1131 0.000001 -0.000001
1132 0.000001 -0.000001
1133 0.000001 -0.000001
1134 0.000001 -0.000001
1135 0.000001 -0.000001
1136 0.000001 -0.000001
1137 0.000001 -0.000001
1138 0.000001 -0.000001
1139 0.000001 -0.000001
1140 0.000001 -0.000001
1141 0.000001 -0.000001
1142 0.000001 -0.000001
1143 0.000001 -0.000001
1144 0.000001 -0.000001
1145 0.000001 -0.000001
1146 0.000001 -0.000001
1147 0.000001 -0.000001
1148 0.000001 -0.000001
1149 0.000001 -0.000001
1150 0.000001 -0.000001
1151 0.000001 -0.000001
1152 0.000001 -0.000001
1153 0.000001 -0.000001
1154 0.000001 -0.000001
1155 0.000001 -0.000001
1156 0.000001 -0.000001
1157 0.000001 -0.000001
1158 0.000001 -0.000001
1159 0.000001 -0.000001
1160 0.000001 -0.000001
1161 0.000001 -0.000001
1162 0.000001 -0.000001
1163 0.000001 -0.000001
1164 0.000001 -0.000001
1165 0.000001 -0.000001
1166 0.000001 -0.000001
1167 0.000001 -0.000001
1168 0.000001 -0.000001
1169 0.000001 -0.000001
1170 0.000001 -0.000001
1171 0.000001 -0.000001
1172 0.000001 -0.000001
1173 0.000001 -0.000001
1174 0.000001 -0.000001
1175 0.000001 -0.000001
1176 0.000001 -0.000001
1177 0.000001 -0.000001
1178 0.000001 -0.000001
1179 0.000001 -0.000001
1180 0.000001 -0.000001
1181 0.000001 -0.000001
1182 0.000001 -0.000001
1183 0.000001 -0.000001
1184 0.000001 -0.000001
1185 0.000001 -0.000001
1186 0.000001 -0.000001
1187 0.000001 -0.000001
1188 0.000001 -0.000001
1189 0.000001 -0.000001
1190 0.000001 -0.000001
1191 0.000001 -0.000001
1192 0.000001 -0.000001
1193 0.000001 -0.000001
1194 0.000001 -0.000001
1195 0.000001 -0.000001
1196 0.000001 -0.000001
1197 0.000001 -0.000001
1198 0.000001 -0.000001
1199 0.000001 -0.000001
1200 0.000001 -0.000001
1201 0.000001 -0.000001
1202 0.000001 -0.000001
1203 0.000001 -0.000001
1204 0.000001 -0.000001
1205 0.000001 -0.000001
1206 0.000001 -0.000001
1207 0.000001 -0.000001
1208 0.000001 -0.000001
1209 0.000001 -0.000001
1210 0.000001 -0.000001
1211 0.000001 -0.000001
1212 0.000001 -0.000001
1213 0.000001 -0.000001
1214 0.000001 -0.000001
1215 0.000001 -0.000001
1216 0.000001 -0.000001
1217 0.000001 -0.000001
1218 0.000001 -0.000001
1219 0.000001 -0.000001
1220 0.000001 -0.000001
1221 0.000001 -0.000001
1222 0.000001 -0.000001
1223 0.000001 -0.000001
1224 0.000001 -0.000001
1225 0.000001 -0.000001
1226 0.000001 -0.000001
1227 0.000001 -0.000001
1228 0.000001 -0.000001
1229 0.000001 -0.000001
1230 0.000001 -0.000001
1231 0.000001 -0.000001
1232 0.000001 -0.000001
1233 0.000001 -0.000001
1234 0.000001 -0.000001
1235 0.000001 -0.000001
1236 0.000001 -0.000001
1237 0.000001 -0.000001
1238 0.000001 -0.000001
1239 0.000001 -0.000001
1240 0.000001 -0.000001
1241 0.000001 -0.000001
1242 0.000001 -0.000001
1243 0.000001 -0.000001
1244 0.000001 -0.000001
1245 0.000001 -0.000001
1246 0.000001 -0.000001
1247 0.000001 -0.000001
1248 0.000001 -0.000001
1249 0.000001 -0.000001
1250 0.000001 -0.000001
1251 0.000001 -0.000001
1252 0.000001 -0.000001
1253 0.000001 -0.000001
1254 0.000001 -0.000001
1255 0.000001 -0.000001
1256 0.000001 -0.000001
1257 0.000001 -0.000001
1258 0.000001 -0.000001
1259 0.000001 -0.000001
1260 0.000001 -0.000001
1261 0.000001 -0.000001
1262 0.000001 -0.000001
1263 0.000001 -0.000001
1264 0.000001 -0.000001
1265 0.000001 -0.000001
1266 0.000001 -0.000001
1267 0.000000 -0.000000
1268 0.000000 -0.000000
1269 0.000000 -0.000000
1270 0.000000 -0.000000
1271 0.000000 -0.000000
1272 0.000000 -0.000000
1273 0.000000 -0.000000
1274 0.000000 -0.000000
1275 0.000000 -0.000000
1276 0.000000 -0.000000
1277 0.000000 -0.000000
1278 0.000000 -0.000000
1279 0.000000 -0.000000
1280 0.000000 -0.000000
1281 0.000000 -0.000000
1282 0.000000 -0.000000
1283 0.000000 -0.000000
1284 0.000000 -0.000000
1285 0.000000 -0.000000
1286 0.000000 -0.000000
1287 0.000000 -0.000000
1288 0.000000 -0.000000
1289 0.000000 -0.000000
1290 0.000000 -0.000000
1291 0.000000 -0.000000
1292 0.000000 -0.000000
1293 0.000000 -0.000000
1294 0.000000 -0.000000
1295 0.000000 -0.000000
1296 0.000000 -0.000000
1297 0.000000 -0.000000
1298 0.000000 -0.000000
1299 0.000000 -0.000000
1300 0.000000 -0.000000
1301 0.000000 -0.000000
1302 0.000000 -0.000000
1303 0.000000 -0.000000
1304 0.000000 -0.000000
1305 0.000000 -0.000000
1306 0.000000 -0.000000
1307 0.000000 -0.000000
1308 0.000000 -0.000000
1309 0.000000 -0.000000
1310 0.000000 -0.000000
1311 0.000000 -0.000000
1312 0.000000 -0.000000
1313 0.000000 -0.000000
1314 0.000000 -0.000000
1315 0.000000 -0.000000
1316 0.000000 -0.000000
1317 0.000000 -0.000000
1318 0.000000 -0.000000
1319 0.000000 -0.000000
1320 0.000000 -0.000000
1321 0.000000 -0.000000
1322 0.000000 -0.000000
1323 0.000000 -0.000000
1324 0.000000 -0.000000
1325 0.000000 -0.000000
1326 0.000000 -0.000000
1327 0.000000 -0.000000
1328 0.000000 -0.000000
1329 0.000000 -0.000000
1330 0.000000 -0.000000
1331 0.000000 -0.000000
1332 0.000000 -0.000000
1333 0.000000 -0.000000
1334 0.000000 -0.000000
1335 0.000000 -0.000000
1336 0.000000 -0.000000
1337 0.000000 -0.000000
1338 0.000000 -0.000000
1339 0.000000 -0.000000
1340 0.000000 -0.000000
1341 0.000000 -0.000000
1342 0.000000 -0.000000
1343 0.000000 -0.000000
1344 0.000000 -0.000000
1345 0.000000 -0.000000
1346 0.000000 -0.000000
1347 0.000000 -0.000000
1348 0.000000 -0.000000
1349 0.000000 -0.000000
1350 0.000000 -0.000000
1351 0.000000 -0.000000
1352 0.000000 -0.000000
1353 0.000000 -0.000000
1354 0.000000 -0.000000
1355 0.000000 -0.000000
1356 0.000000 -0.000000
1357 0.000000 -0.000000
1358 0.000000 -0.000000
1359 0.000000 -0.000000
1360 0.000000 -0.000000
1361 0.000000 -0.000000
1362 0.000000 -0.000000
1363 0.000000 -0.000000
1364 0.000000 -0.000000
1365 0.000000 -0.000000
1366 0.000000 -0.000000
1367 0.000000 -0.000000
1368 0.000000 -0.000000
1369 0.000000 -0.000000
1370 0.000000 -0.000000
1371 0.000000 -0.000000
1372 0.000000 -0.000000
1373 0.000000 -0.000000
1374 0.000000 -0.000000
1375 0.000000 -0.000000
1376 0.000000 -0.000000
1377 0.000000 -0.000000
1378 0.000000 -0.000000
1379 0.000000 -0.000000
1380 0.000000 -0.000000
1381 0.000000 -0.000000
1382 0.000000 -0.000000
1383 0.000000 -0.000000
1384 0.000000 -0.000000
1385 0.000000 -0.000000
1386 0.000000 -0.000000
1387 0.000000 -0.000000
1388 0.000000 -0.000000
1389 0.000000 -0.000000
1390 0.000000 -0.000000
1391 0.000000 -0.000000
1392 0.000000 -0.000000
1393 0.000000 -0.000000
1394 0.000000 -0.000000
1395 0.000000 -0.000000
1396 0.000000 -0.000000
1397 0.000000 -0.000000
1398 0.000000 -0.000000
1399 0.000000 -0.000000
1400 0.000000 -0.000000
1401 0.000000 -0.000000
1402 0.000000 -0.000000
1403 0.000000 -0.000000
1404 0.000000 -0.000000
1405 0.000000 -0.000000
1406 0.000000 -0.000000
1407 0.000000 -0.000000
1408 0.000000 -0.000000
1409 0.000000 -0.000000
1410 0.000000 -0.000000
1411 0.000000 -0.000000
1412 0.000000 -0.000000
1413 0.000000 -0.000000
1414 0.000000 -0.000000
1415 0.000000 -0.000000
1416 0.000000 -0.000000
1417 0.000000 -0.000000
1418 0.000000 -0.000000
1419 0.000000 -0.000000
1420 0.000000 -0.000000
1421 0.000000 -0.000000
1422 0.000000 -0.000000
1423 0.000000 -0.000000
1424 0.000000 -0.000000
1425 0.000000 -0.000000
1426 0.000000 -0.000000
1427 0.000000 -0.000000
1428 0.000000 -0.000000
1429 0.000000 -0.000000
1430 0.000000 -0.000000
1431 0.000000 -0.000000
1432 0.000000 -0.000000
1433 0.000000 -0.000000
1434 0.000000 -0.000000
1435 0.000000 -0.000000
1436 0.000000 -0.000000
1437 0.000000 -0.000000
1438 0.000000 -0.000000
1439 0.000000 -0.000000
1440 0.000000 -0.000000
1441 0.000000 -0.000000
1442 0.000000 -0.000000
1443 0.000000 -0.000000
1444 0.000000 -0.000000
1445 0.000000 -0.000000
1446 0.000000 -0.000000
1447 0.000000 -0.000000
1448 0.000000 -0.000000
1449 0.000000 -0.000000
1450 0.000000 -0.000000
1451 0.000000 -0.000000
1452 0.000000 -0.000000
1453 0.000000 -0.000000
1454 0.000000 -0.000000
1455 0.000000 -0.000000
1456 0.000000 -0.000000
1457 0.000000 -0.000000
1458 0.000000 -0.000000
1459 0.000000 -0.000000
1460 0.000000 -0.000000
1461 0.000000 -0.000000
1462 0.000000 -0.000000
1463 0.000000 -0.000000
1464 0.000000 -0.000000
1465 0.000000 -0.000000
1466 0.000000 -0.000000
1467 0.000000 -0.000000
1468 0.000000 -0.000000
1469 0.000000 -0.000000
1470 0.000000 -0.000000
1471 0.000000 -0.000000
1472 0.000000 -0.000000
1473 0.000000 -0.000000
1474 0.000000 -0.000000
1475 0.000000 -0.000000
1476 0.000000 -0.000000
1477 0.000000 -0.000000
1478 0.000000 -0.000000
1479 0.000000 -0.000000
1480 0.000000 -0.000000
1481 0.000000 -0.000000
1482 0.000000 -0.000000
1483 0.000000 -0.000000
1484 0.000000 -0.000000
1485 0.000000 -0.000000
1486 0.000000 -0.000000
1487 0.000000 -0.000000
1488 0.000000 -0.000000
1489 0.000000 -0.000000
1490 0.000000 -0.000000
1491 0.000000 -0.000000
1492 0.000000 -0.000000
1493 0.000000 -0.000000
1494 0.000000 -0.000000
1495 0.000000 -0.000000
1496 0.000000 -0.000000
1497 0.000000 -0.000000
1498 0.000000 -0.000000
1499 0.000000 -0.000000
1500 0.000000 -0.000000
1501 0.000000 -0.000000
1502 0.000000 -0.000000
1503 0.000000 -0.000000
1504 0.000000 -0.000000
1505 0.000000 -0.000000
1506 0.000000 -0.000000
1507 0.000000 -0.000000
1508 0.000000 -0.000000
1509 0.000000 -0.000000
1510 0.000000 -0.000000
1511 0.000000 -0.000000
1512 0.000000 -0.000000
1513 0.000000 -0.000000
1514 0.000000 -0.000000
1515 0.000000 -0.000000
1516 0.000000 -0.000000
1517 0.000000 -0.000000
1518 0.000000 -0.000000
1519 0.000000 -0.000000
1520 0.000000 -0.000000
1521 0.000000 -0.000000
1522 0.000000 -0.000000
1523 0.000000 -0.000000
1524 0.000000 -0.000000
1525 0.000000 -0.000000
1526 0.000000 -0.000000
1527 0.000000 -0.000000
1528 0.000000 -0.000000
1529 0.000000 -0.000000
1530 0.000000 -0.000000
1531 0.000000 -0.000000
1532 0.000000 -0.000000
1533 0.000000 -0.000000
1534 0.000000 -0.000000
1535 0.000000 -0.000000
1536 0.000000 -0.000000
1537 0.000000 -0.000000
1538 0.000000 -0.000000
1539 0.000000 -0.000000
1540 0.000000 -0.000000
1541 0.000000 -0.000000
1542 0.000000 -0.000000
1543 0.000000 -0.000000
1544 0.000000 -0.000000
1545 0.000000 -0.000000
1546 0.000000 -0.000000
1547 0.000000 -0.000000
1548 0.000000 -0.000000
1549 0.000000 -0.000000
1550 0.000000 -0.000000
1551 0.000000 -0.000000
1552 0.000000 -0.000000
1553 0.000000 -0.000000
1554 0.000000 -0.000000
1555 0.000000 -0.000000
1556 0.000000 -0.000000
1557 0.000000 -0.000000
1558 0.000000 -0.000000
1559 0.000000 -0.000000
1560 0.000000 -0.000000
1561 0.000000 -0.000000
1562 0.000000 -0.000000
1563 0.000000 -0.000000
1564 0.000000 -0.000000
1565 0.000000 -0.000000
1566 0.000000 -0.000000
1567 0.000000 -0.000000
1568 0.000000 -0.000000
1569 0.000000 -0.000000
1570 0.000000 -0.000000
1571 0.000000 -0.000000
1572 0.000000 -0.000000
1573 0.000000 -0.000000
1574 0.000000 -0.000000
1575 0.000000 -0.000000
1576 0.000000 -0.000000
1577 0.000000 -0.000000
1578 0.000000 -0.000000
1579 0.000000 -0.000000
1580 0.000000 -0.000000
1581 0.000000 -0.000000
1582 0.000000 -0.000000
1583 0.000000 -0.000000
1584 0.000000 -0.000000
1585 0.000000 -0.000000
1586 0.000000 -0.000000
1587 0.000000 -0.000000
1588 0.000000 -0.000000
1589 0.000000 -0.000000
1590 0.000000 -0.000000
1591 0.000000 -0.000000
1592 0.000000 -0.000000
1593 0.000000 -0.000000
1594 0.000000 -0.000000
1595 0.000000 -0.000000
1596 0.000000 -0.000000
1597 0.000000 -0.000000
1598 0.000000 -0.000000
1599 0.000000 -0.000000
1600 0.000000 -0.000000
1601 0.000000 -0.000000
1602 0.000000 -0.000000
1603 0.000000 -0.000000
1604 0.000000 -0.000000
1605 0.000000 -0.000000
1606 0.000000 -0.000000
1607 0.000000 -0.000000
1608 0.000000 -0.000000
1609 0.000000 -0.000000
1610 0.000000 -0.000000
1611 0.000000 -0.000000
1612 0.000000 -0.000000
1613 0.000000 -0.000000
1614 0.000000 -0.000000
1615 0.000000 -0.000000
1616 0.000000 -0.000000
1617 0.000000 -0.000000
1618 0.000000 -0.000000
1619 0.000000 -0.000000
1620 0.000000 -0.000000
1621 0.000000 -0.000000
1622 0.000000 -0.000000
1623 0.000000 -0.000000
1624 0.000000 -0.000000
1625 0.000000 -0.000000
1626 0.000000 -0.000000
1627 0.000000 -0.000000
1628 0.000000 -0.000000
1629 0.000000 -0.000000
1630 0.000000 -0.000000
1631 0.000000 -0.000000
1632 0.000000 -0.000000
1633 0.000000 -0.000000
1634 0.000000 -0.000000
1635 0.000000 -0.000000
1636 0.000000 -0.000000
1637 0.000000 -0.000000
1638 0.000000 -0.000000
1639 0.000000 -0.000000
1640 0.000000 -0.000000
1641 0.000000 -0.000000
1642 0.000000 -0.000000
1643 0.000000 -0.000000
1644 0.000000 -0.000000
1645 0.000000 -0.000000
1646 0.000000 -0.000000
1647 0.000000 -0.000000
1648 0.000000 -0.000000
1649 0.000000 -0.000000
1650 0.000000 -0.000000
1651 0.000000 -0.000000
1652 0.000000 -0.000000
1653 0.000000 -0.000000
1654 0.000000 -0.000000
1655 0.000000 -0.000000
1656 0.000000 -0.000000
1657 0.000000 -0.000000
1658 0.000000 -0.000000
1659 0.000000 -0.000000
1660 0.000000 -0.000000
1661 0.000000 -0.000000
1662 0.000000 -0.000000
1663 0.000000 -0.000000
1664 0.000000 -0.000000
1665 0.000000 -0.000000
1666 0.000000 -0.000000
1667 0.000000 -0.000000
1668 0.000000 -0.000000
1669 0.000000 -0.000000
1670 0.000000 -0.000000
1671 0.000000 -0.000000
1672 0.000000 -0.000000
1673 0.000000 -0.000000
1674 0.000000 -0.000000
1675 0.000000 -0.000000
1676 0.000000 -0.000000
1677 0.000000 -0.000000
1678 0.000000 -0.000000
1679 0.000000 -0.000000
1680 0.000000 -0.000000
1681 0.000000 -0.000000
1682 0.000000 -0.000000
1683 0.000000 -0.000000
1684 0.000000 -0.000000
1685 0.000000 -0.000000
1686 0.000000 -0.000000
1687 0.000000 -0.000000
1688 0.000000 -0.000000
1689 0.000000 -0.000000
1690 0.000000 -0.000000
1691 0.000000 -0.000000
1692 0.000000 -0.000000
1693 0.000000 -0.000000
1694 0.000000 -0.000000
1695 0.000000 -0.000000
1696 0.000000 -0.000000
1697 0.000000 -0.000000
1698 0.000000 -0.000000
1699 0.000000 -0.000000
1700 0.000000 -0.000000
1701 0.000000 -0.000000
1702 0.000000 -0.000000
1703 0.000000 -0.000000
1704 0.000000 -0.000000
1705 0.000000 -0.000000
1706 0.000000 -0.000000
1707 0.000000 -0.000000
1708 0.000000 -0.000000
1709 0.000000 -0.000000
1710 0.000000 -0.000000
1711 0.000000 -0.000000
1712 0.000000 -0.000000
1713 0.000000 -0.000000
1714 0.000000 -0.000000
1715 0.000000 -0.000000
1716 0.000000 -0.000000
1717 0.000000 -0.000000
1718 0.000000 -0.000000
1719 0.000000 -0.000000
1720 0.000000 -0.000000
1721 0.000000 -0.000000
1722 0.000000 -0.000000
1723 0.000000 -0.000000
1724 0.000000 -0.000000
1725 0.000000 -0.000000
1726 0.000000 -0.000000
1727 0.000000 -0.000000
1728 0.000000 -0.000000
1729 0.000000 -0.000000
1730 0.000000 -0.000000
1731 0.000000 -0.000000
1732 0.000000 -0.000000
1733 0.000000 -0.000000
1734 0.000000 -0.000000
1735 0.000000 -0.000000
1736 0.000000 -0.000000
1737 0.000000 -0.000000
1738 0.000000 -0.000000
1739 0.000000 -0.000000
1740 0.000000 -0.000000
1741 0.000000 -0.000000
1742 0.000000 -0.000000
1743 0.000000 -0.000000
1744 0.000000 -0.000000
1745 0.000000 -0.000000
1746 0.000000 -0.000000
1747 0.000000 -0.000000
1748 0.000000 -0.000000
1749 0.000000 -0.000000
1750 0.000000 -0.000000
1751 0.000000 -0.000000
1752 0.000000 -0.000000
1753 0.000000 -0.000000
1754 0.000000 -0.000000
1755 0.000000 -0.000000
1756 0.000000 -0.000000
1757 0.000000 -0.000000
1758 0.000000 -0.000000
1759 0.000000 -0.000000
1760 0.000000 -0.000000
1761 0.000000 -0.000000
1762 0.000000 -0.000000
1763 0.000000 -0.000000
1764 0.000000 -0.000000
1765 0.000000 -0.000000
1766 0.000000 -0.000000
1767 0.000000 -0.000000
1768 0.000000 -0.000000
1769 0.000000 -0.000000
1770 0.000000 -0.000000
1771 0.000000 -0.000000
1772 0.000000 -0.000000
1773 0.000000 -0.000000
1774 0.000000 -0.000000
1775 0.000000 -0.000000
1776 0.000000 -0.000000
1777 0.000000 -0.000000
1778 0.000000 -0.000000
1779 0.000000 -0.000000
1780 0.000000 -0.000000
1781 0.000000 -0.000000
1782 0.000000 -0.000000
1783 0.000000 -0.000000
1784 0.000000 -0.000000
1785 0.000000 -0.000000
1786 0.000000 -0.000000
1787 0.000000 -0.000000
1788 0.000000 -0.000000
1789 0.000000 -0.000000
1790 0.000000 -0.000000
1791 0.000000 -0.000000
1792 0.000000 -0.000000
1793 0.000000 -0.000000
1794 0.000000 -0.000000
1795 0.000000 -0.000000
1796 0.000000 -0.000000
1797 0.000000 -0.000000
1798 0.000000 -0.000000
1799 0.000000 -0.000000
1800 0.000000 -0.000000
1801 0.000000 -0.000000
1802 0.000000 -0.000000
1803 0.000000 -0.000000
1804 0.000000 -0.000000
1805 0.000000 -0.000000
1806 0.000000 -0.000000
1807 0.000000 -0.000000
1808 0.000000 -0.000000
1809 0.000000 -0.000000
1810 0.000000 -0.000000
1811 0.000000 -0.000000
1812 0.000000 -0.000000
1813 0.000000 -0.000000
1814 0.000000 -0.000000
1815 0.000000 -0.000000
1816 0.000000 -0.000000
1817 0.000000 -0.000000
1818 0.000000 -0.000000
1819 0.000000 -0.000000
1820 0.000000 -0.000000
1821 0.000000 -0.000000
1822 0.000000 -0.000000
1823 0.000000 -0.000000
1824 0.000000 -0.000000
1825 0.000000 -0.000000
1826 0.000000 -0.000000
1827 0.000000 -0.000000
1828 0.000000 -0.000000
1829 0.000000 -0.000000
1830 0.000000 -0.000000
1831 0.000000 -0.000000
1832 0.000000 -0.000000
1833 0.000000 -0.000000
1834 0.000000 -0.000000
1835 0.000000 -0.000000
1836 0.000000 -0.000000
1837 0.000000 -0.000000
1838 0.000000 -0.000000
1839 0.000000 -0.000000
1840 0.000000 -0.000000
1841 0.000000 -0.000000
1842 0.000000 -0.000000
1843 0.000000 -0.000000
1844 0.000000 -0.000000
1845 0.000000 -0.000000
1846 0.000000 -0.000000
1847 0.000000 -0.000000
1848 0.000000 -0.000000
1849 0.000000 -0.000000
1850 0.000000 -0.000000
1851 0.000000 -0.000000
1852 0.000000 -0.000000
1853 0.000000 -0.000000
1854 0.000000 -0.000000
1855 0.000000 -0.000000
1856 0.000000 -0.000000
1857 0.000000 -0.000000
1858 0.000000 -0.000000
1859 0.000000 -0.000000
1860 0.000000 -0.000000
1861 0.000000 -0.000000
1862 0.000000 -0.000000
1863 0.000000 -0.000000
1864 0.000000 -0.000000
1865 0.000000 -0.000000
1866 0.000000 -0.000000
1867 0.000000 -0.000000
1868 0.000000 -0.000000
1869 0.000000 -0.000000
1870 0.000000 -0.000000
1871 0.000000 -0.000000
1872 0.000000 -0.000000
1873 0.000000 -0.000000
1874 0.000000 -0.000000
1875 0.000000 -0.000000
1876 0.000000 -0.000000
1877 0.000000 -0.000000
1878 0.000000 -0.000000
1879 0.000000 -0.000000
1880 0.000000 -0.000000
1881 0.000000 -0.000000
1882 0.000000 -0.000000
1883 0.000000 -0.000000
1884 0.000000 -0.000000
1885 0.000000 -0.000000
1886 0.000000 -0.000000
1887 0.000000 -0.000000
1888 0.000000 -0.000000
1889 0.000000 -0.000000
1890 0.000000 -0.000000
1891 0.000000 -0.000000
1892 0.000000 -0.000000
1893 0.000000 -0.000000
1894 0.000000 -0.000000
1895 0.000000 -0.000000
1896 0.000000 -0.000000
1897 0.000000 -0.000000
1898 0.000000 -0.000000
1899 0.000000 -0.000000
1900 0.000000 -0.000000
1901 0.000000 -0.000000
1902 0.000000 -0.000000
1903 0.000000 -0.000000
1904 0.000000 -0.000000
1905 0.000000 -0.000000
1906 0.000000 -0.000000
1907 0.000000 -0.000000
1908 0.000000 -0.000000
1909 0.000000 -0.000000
1910 0.000000 -0.000000
1911 0.000000 -0.000000
1912 0.000000 -0.000000
1913 0.000000 -0.000000
1914 0.000000 -0.000000
1915 0.000000 -0.000000
1916 0.000000 -0.000000
1917 0.000000 -0.000000
1918 0.000000 -0.000000
1919 0.000000 -0.000000
1920 0.000000 -0.000000
1921 0.000000 -0.000000
1922 0.000000 -0.000000
1923 0.000000 -0.000000
1924 0.000000 -0.000000
1925 0.000000 -0.000000
1926 0.000000 -0.000000
1927 0.000000 -0.000000
1928 0.000000 -0.000000
1929 0.000000 -0.000000
1930 0.000000 -0.000000
1931 0.000000 -0.000000
1932 0.000000 -0.000000
1933 0.000000 -0.000000
1934 0.000000 -0.000000
1935 0.000000 -0.000000
1936 0.000000 -0.000000
1937 0.000000 -0.000000
1938 0.000000 -0.000000
1939 0.000000 -0.000000
1940 0.000000 -0.000000
1941 0.000000 -0.000000
1942 0.000000 -0.000000
1943 0.000000 -0.000000
1944 0.000000 -0.000000
1945 0.000000 -0.000000
1946 0.000000 -0.000000
1947 0.000000 -0.000000
1948 0.000000 -0.000000
1949 0.000000 -0.000000
1950 0.000000 -0.000000
1951 0.000000 -0.000000
1952 0.000000 -0.000000
1953 0.000000 -0.000000
1954 0.000000 -0.000000
1955 0.000000 -0.000000
1956 0.000000 -0.000000
1957 0.000000 -0.000000
1958 0.000000 -0.000000
1959 0.000000 -0.000000
1960 0.000000 -0.000000
1961 0.000000 -0.000000
1962 0.000000 -0.000000
1963 0.000000 -0.000000
1964 0.000000 -0.000000
1965 0.000000 -0.000000
1966 0.000000 -0.000000
1967 0.000000 -0.000000
1968 0.000000 -0.000000
1969 0.000000 -0.000000
1970 0.000000 -0.000000
1971 0.000000 -0.000000
1972 0.000000 -0.000000
1973 0.000000 -0.000000
1974 0.000000 -0.000000
1975 0.000000 -0.000000
1976 0.000000 -0.000000
1977 0.000000 -0.000000
1978 0.000000 -0.000000
1979 0.000000 -0.000000
1980 0.000000 -0.000000
1981 0.000000 -0.000000
1982 0.000000 -0.000000
1983 0.000000 -0.000000
1984 0.000000 -0.000000
1985 0.000000 -0.000000
1986 0.000000 -0.000000
1987 0.000000 -0.000000
1988 0.000000 -0.000000
1989 0.000000 -0.000000
1990 0.000000 -0.000000
1991 0.000000 -0.000000
1992 0.000000 -0.000000
1993 0.000000 -0.000000
1994 0.000000 -0.000000
1995 0.000000 -0.000000
1996 0.000000 -0.000000
1997 0.000000 -0.000000
1998 0.000000 -0.000000
1999 0.000000 -0.000000
2000 0.000000 -0.000000
