0.000000 1.000000 1.000000
0.002000 1.000000 0.998027
0.004000 1.000000 0.992115
0.006000 1.000000 0.982287
0.008000 1.000000 0.968583
0.010000 1.000000 0.951057
0.012000 1.000000 0.929776
0.014000 1.000000 0.904827
0.016000 1.000000 0.876307
0.018000 1.000000 0.844328
0.020000 1.000000 0.809017
0.022000 1.000000 0.770513
0.024000 1.000000 0.728969
0.026000 1.000000 0.684547
0.028000 1.000000 0.637424
0.030000 1.000000 0.587785
0.032000 1.000000 0.535827
0.034000 1.000000 0.481754
0.036000 1.000000 0.425779
0.038000 1.000000 0.368125
0.040000 1.000000 0.309017
0.042000 1.000000 0.248690
0.044000 1.000000 0.187381
0.046000 1.000000 0.125333
0.048000 1.000000 0.062791
0.050000 1.000000 0.000000
0.052000 1.000000 -0.062791
0.054000 1.000000 -0.125333
0.056000 1.000000 -0.187381
0.058000 1.000000 -0.248690
0.060000 1.000000 -0.309017
0.062000 1.000000 -0.368125
0.064000 1.000000 -0.425779
0.066000 1.000000 -0.481754
0.068000 1.000000 -0.535827
0.070000 1.000000 -0.587785
0.072000 1.000000 -0.637424
0.074000 1.000000 -0.684547
0.076000 1.000000 -0.728969
0.078000 1.000000 -0.770513
0.080000 1.000000 -0.809017
0.082000 1.000000 -0.844328
0.084000 1.000000 -0.876307
0.086000 1.000000 -0.904827
0.088000 1.000000 -0.929776
0.090000 1.000000 -0.951057
0.092000 1.000000 -0.968583
0.094000 1.000000 -0.982287
0.096000 1.000000 -0.992115
0.098000 1.000000 -0.998027
0.100000 1.000000 -1.000000
0.102000 1.000000 -0.998027
0.104000 1.000000 -0.992115
0.106000 1.000000 -0.982287
0.108000 1.000000 -0.968583
0.110000 1.000000 -0.951057
0.112000 1.000000 -0.929776
0.114000 1.000000 -0.904827
0.116000 1.000000 -0.876307
0.118000 1.000000 -0.844328
0.120000 1.000000 -0.809017
0.122000 1.000000 -0.770513
0.124000 1.000000 -0.728969
0.126000 1.000000 -0.684547
0.128000 1.000000 -0.637424
0.130000 1.000000 -0.587785
0.132000 1.000000 -0.535827
0.134000 1.000000 -0.481754
0.136000 1.000000 -0.425779
0.138000 1.000000 -0.368125
0.140000 1.000000 -0.309017
0.142000 1.000000 -0.248690
0.144000 1.000000 -0.187381
0.146000 1.000000 -0.125333
0.148000 1.000000 -0.062791
0.150000 1.000000 -0.000000
0.152000 1.000000 0.062791
0.154000 1.000000 0.125333
0.156000 1.000000 0.187381
0.158000 1.000000 0.248690
0.160000 1.000000 0.309017
0.162000 1.000000 0.368125
0.164000 1.000000 0.425779
0.166000 1.000000 0.481754
0.168000 1.000000 0.535827
0.170000 1.000000 0.587785
0.172000 1.000000 0.637424
0.174000 1.000000 0.684547
0.176000 1.000000 0.728969
0.178000 1.000000 0.770513
0.180000 1.000000 0.809017
0.182000 1.000000 0.844328
0.184000 1.000000 0.876307
0.186000 1.000000 0.904827
0.188000 1.000000 0.929776
0.190000 1.000000 0.951057
0.192000 1.000000 0.968583
0.194000 1.000000 0.982287
0.196000 1.000000 0.992115
0.198000 1.000000 0.998027
0.200000 1.000000 1.000000
0.202000 1.000000 0.998027
0.204000 1.000000 0.992115
0.206000 1.000000 0.982287
0.208000 1.000000 0.968583
0.210000 1.000000 0.951057
0.212000 1.000000 0.929776
0.214000 1.000000 0.904827
0.216000 1.000000 0.876307
0.218000 1.000000 0.844328
0.220000 1.000000 0.809017
0.222000 1.000000 0.770513
0.224000 1.000000 0.728969
0.226000 1.000000 0.684547
0.228000 1.000000 0.637424
0.230000 1.000000 0.587785
0.232000 1.000000 0.535827
0.234000 1.000000 0.481754
0.236000 1.000000 0.425779
0.238000 1.000000 0.368125
0.240000 1.000000 0.309017
0.242000 1.000000 0.248690
0.244000 1.000000 0.187381
0.246000 1.000000 0.125333
0.248000 1.000000 0.062791
0.250000 1.000000 0.000000
0.252000 1.000000 -0.062791
0.254000 1.000000 -0.125333
0.256000 1.000000 -0.187381
0.258000 1.000000 -0.248690
0.260000 1.000000 -0.309017
0.262000 1.000000 -0.368125
0.264000 1.000000 -0.425779
0.266000 1.000000 -0.481754
0.268000 1.000000 -0.535827
0.270000 1.000000 -0.587785
0.272000 1.000000 -0.637424
0.274000 1.000000 -0.684547
0.276000 1.000000 -0.728969
0.278000 1.000000 -0.770513
0.280000 1.000000 -0.809017
0.282000 1.000000 -0.844328
0.284000 1.000000 -0.876307
0.286000 1.000000 -0.904827
0.288000 1.000000 -0.929776
0.290000 1.000000 -0.951057
0.292000 1.000000 -0.968583
0.294000 1.000000 -0.982287
0.296000 1.000000 -0.992115
0.298000 1.000000 -0.998027
0.300000 1.000000 -1.000000
0.302000 1.000000 -0.998027
0.304000 1.000000 -0.992115
0.306000 1.000000 -0.982287
0.308000 1.000000 -0.968583
0.310000 1.000000 -0.951057
0.312000 1.000000 -0.929776
0.314000 1.000000 -0.904827
0.316000 1.000000 -0.876307
0.318000 1.000000 -0.844328
0.320000 1.000000 -0.809017
0.322000 1.000000 -0.770513
0.324000 1.000000 -0.728969
0.326000 1.000000 -0.684547
0.328000 1.000000 -0.637424
0.330000 1.000000 -0.587785
0.332000 1.000000 -0.535827
0.334000 1.000000 -0.481754
0.336000 1.000000 -0.425779
0.338000 1.000000 -0.368125
0.340000 1.000000 -0.309017
0.342000 1.000000 -0.248690
0.344000 1.000000 -0.187381
0.346000 1.000000 -0.125333
0.348000 1.000000 -0.062791
0.350000 1.000000 -0.000000
0.352000 1.000000 0.062791
0.354000 1.000000 0.125333
0.356000 1.000000 0.187381
0.358000 1.000000 0.248690
0.360000 1.000000 0.309017
0.362000 1.000000 0.368125
0.364000 1.000000 0.425779
0.366000 1.000000 0.481754
0.368000 1.000000 0.535827
0.370000 1.000000 0.587785
0.372000 1.000000 0.637424
0.374000 1.000000 0.684547
0.376000 1.000000 0.728969
0.378000 1.000000 0.770513
0.380000 1.000000 0.809017
0.382000 1.000000 0.844328
0.384000 1.000000 0.876307
0.386000 1.000000 0.904827
0.388000 1.000000 0.929776
0.390000 1.000000 0.951057
0.392000 1.000000 0.968583
0.394000 1.000000 0.982287
0.396000 1.000000 0.992115
0.398000 1.000000 0.998027
0.400000 1.000000 1.000000
0.402000 1.000000 0.998027
0.404000 1.000000 0.992115
0.406000 1.000000 0.982287
0.408000 1.000000 0.968583
0.410000 1.000000 0.951057
0.412000 1.000000 0.929776
0.414000 1.000000 0.904827
0.416000 1.000000 0.876307
0.418000 1.000000 0.844328
0.420000 1.000000 0.809017
0.422000 1.000000 0.770513
0.424000 1.000000 0.728969
0.426000 1.000000 0.684547
0.428000 1.000000 0.637424
0.430000 1.000000 0.587785
0.432000 1.000000 0.535827
0.434000 1.000000 0.481754
0.436000 1.000000 0.425779
0.438000 1.000000 0.368125
0.440000 1.000000 0.309017
0.442000 1.000000 0.248690
0.444000 1.000000 0.187381
0.446000 1.000000 0.125333
0.448000 1.000000 0.062791
0.450000 1.000000 0.000000
0.452000 1.000000 -0.062791
0.454000 1.000000 -0.125333
0.456000 1.000000 -0.187381
0.458000 1.000000 -0.248690
0.460000 1.000000 -0.309017
0.462000 1.000000 -0.368125
0.464000 1.000000 -0.425779
0.466000 1.000000 -0.481754
0.468000 1.000000 -0.535827
0.470000 1.000000 -0.587785
0.472000 1.000000 -0.637424
0.474000 1.000000 -0.684547
0.476000 1.000000 -0.728969
0.478000 1.000000 -0.770513
0.480000 1.000000 -0.809017
0.482000 1.000000 -0.844328
0.484000 1.000000 -0.876307
0.486000 1.000000 -0.904827
0.488000 1.000000 -0.929776
0.490000 1.000000 -0.951057
0.492000 1.000000 -0.968583
0.494000 1.000000 -0.982287
0.496000 1.000000 -0.992115
0.498000 1.000000 -0.998027
0.500000 1.000000 -1.000000
0.502000 1.000000 -0.998027
0.504000 1.000000 -0.992115
0.506000 1.000000 -0.982287
0.508000 1.000000 -0.968583
0.510000 1.000000 -0.951057
0.512000 1.000000 -0.929776
0.514000 1.000000 -0.904827
0.516000 1.000000 -0.876307
0.518000 1.000000 -0.844328
0.520000 1.000000 -0.809017
0.522000 1.000000 -0.770513
0.524000 1.000000 -0.728969
0.526000 1.000000 -0.684547
0.528000 1.000000 -0.637424
0.530000 1.000000 -0.587785
0.532000 1.000000 -0.535827
0.534000 1.000000 -0.481754
0.536000 1.000000 -0.425779
0.538000 1.000000 -0.368125
0.540000 1.000000 -0.309017
0.542000 1.000000 -0.248690
0.544000 1.000000 -0.187381
0.546000 1.000000 -0.125333
0.548000 1.000000 -0.062791
0.550000 1.000000 0.000000
0.552000 1.000000 0.062791
0.554000 1.000000 0.125333
0.556000 1.000000 0.187381
0.558000 1.000000 0.248690
0.560000 1.000000 0.309017
0.562000 1.000000 0.368125
0.564000 1.000000 0.425779
0.566000 1.000000 0.481754
0.568000 1.000000 0.535827
0.570000 1.000000 0.587785
0.572000 1.000000 0.637424
0.574000 1.000000 0.684547
0.576000 1.000000 0.728969
0.578000 1.000000 0.770513
0.580000 1.000000 0.809017
0.582000 1.000000 0.844328
0.584000 1.000000 0.876307
0.586000 1.000000 0.904827
0.588000 1.000000 0.929776
0.590000 1.000000 0.951057
0.592000 1.000000 0.968583
0.594000 1.000000 0.982287
0.596000 1.000000 0.992115
0.598000 1.000000 0.998027
0.600000 1.000000 1.000000
0.602000 1.000000 0.998027
0.604000 1.000000 0.992115
0.606000 1.000000 0.982287
0.608000 1.000000 0.968583
0.610000 1.000000 0.951057
0.612000 1.000000 0.929776
0.614000 1.000000 0.904827
0.616000 1.000000 0.876307
0.618000 1.000000 0.844328
0.620000 1.000000 0.809017
0.622000 1.000000 0.770513
0.624000 1.000000 0.728969
0.626000 1.000000 0.684547
0.628000 1.000000 0.637424
0.630000 1.000000 0.587785
0.632000 1.000000 0.535827
0.634000 1.000000 0.481754
0.636000 1.000000 0.425779
0.638000 1.000000 0.368125
0.640000 1.000000 0.309017
0.642000 1.000000 0.248690
0.644000 1.000000 0.187381
0.646000 1.000000 0.125333
0.648000 1.000000 0.062791
0.650000 1.000000 -0.000000
0.652000 1.000000 -0.062791
0.654000 1.000000 -0.125333
0.656000 1.000000 -0.187381
0.658000 1.000000 -0.248690
0.660000 1.000000 -0.309017
0.662000 1.000000 -0.368125
0.664000 1.000000 -0.425779
0.666000 1.000000 -0.481754
0.668000 1.000000 -0.535827
0.670000 1.000000 -0.587785
0.672000 1.000000 -0.637424
0.674000 1.000000 -0.684547
0.676000 1.000000 -0.728969
0.678000 1.000000 -0.770513
0.680000 1.000000 -0.809017
0.682000 1.000000 -0.844328
0.684000 1.000000 -0.876307
0.686000 1.000000 -0.904827
0.688000 1.000000 -0.929776
0.690000 1.000000 -0.951057
0.692000 1.000000 -0.968583
0.694000 1.000000 -0.982287
0.696000 1.000000 -0.992115
0.698000 1.000000 -0.998027
0.700000 1.000000 -1.000000
0.702000 1.000000 -0.998027
0.704000 1.000000 -0.992115
0.706000 1.000000 -0.982287
0.708000 1.000000 -0.968583
0.710000 1.000000 -0.951057
0.712000 1.000000 -0.929776
0.714000 1.000000 -0.904827
0.716000 1.000000 -0.876307
0.718000 1.000000 -0.844328
0.720000 1.000000 -0.809017
0.722000 1.000000 -0.770513
0.724000 1.000000 -0.728969
0.726000 1.000000 -0.684547
0.728000 1.000000 -0.637424
0.730000 1.000000 -0.587785
0.732000 1.000000 -0.535827
0.734000 1.000000 -0.481754
0.736000 1.000000 -0.425779
0.738000 1.000000 -0.368125
0.740000 1.000000 -0.309017
0.742000 1.000000 -0.248690
0.744000 1.000000 -0.187381
0.746000 1.000000 -0.125333
0.748000 1.000000 -0.062791
0.750000 1.000000 -0.000000
0.752000 1.000000 0.062791
0.754000 1.000000 0.125333
0.756000 1.000000 0.187381
0.758000 1.000000 0.248690
0.760000 1.000000 0.309017
0.762000 1.000000 0.368125
0.764000 1.000000 0.425779
0.766000 1.000000 0.481754
0.768000 1.000000 0.535827
0.770000 1.000000 0.587785
0.772000 1.000000 0.637424
0.774000 1.000000 0.684547
0.776000 1.000000 0.728969
0.778000 1.000000 0.770513
0.780000 1.000000 0.809017
0.782000 1.000000 0.844328
0.784000 1.000000 0.876307
0.786000 1.000000 0.904827
0.788000 1.000000 0.929776
0.790000 1.000000 0.951057
0.792000 1.000000 0.968583
0.794000 1.000000 0.982287
0.796000 1.000000 0.992115
0.798000 1.000000 0.998027
0.800000 1.000000 1.000000
0.802000 1.000000 0.998027
0.804000 1.000000 0.992115
0.806000 1.000000 0.982287
0.808000 1.000000 0.968583
0.810000 1.000000 0.951057
0.812000 1.000000 0.929776
0.814000 1.000000 0.904827
0.816000 1.000000 0.876307
0.818000 1.000000 0.844328
0.820000 1.000000 0.809017
0.822000 1.000000 0.770513
0.824000 1.000000 0.728969
0.826000 1.000000 0.684547
0.828000 1.000000 0.637424
0.830000 1.000000 0.587785
0.832000 1.000000 0.535827
0.834000 1.000000 0.481754
0.836000 1.000000 0.425779
0.838000 1.000000 0.368125
0.840000 1.000000 0.309017
0.842000 1.000000 0.248690
0.844000 1.000000 0.187381
0.846000 1.000000 0.125333
0.848000 1.000000 0.062791
0.850000 1.000000 0.000000
0.852000 1.000000 -0.062791
0.854000 1.000000 -0.125333
0.856000 1.000000 -0.187381
0.858000 1.000000 -0.248690
0.860000 1.000000 -0.309017
0.862000 1.000000 -0.368125
0.864000 1.000000 -0.425779
0.866000 1.000000 -0.481754
0.868000 1.000000 -0.535827
0.870000 1.000000 -0.587785
0.872000 1.000000 -0.637424
0.874000 1.000000 -0.684547
0.876000 1.000000 -0.728969
0.878000 1.000000 -0.770513
0.880000 1.000000 -0.809017
0.882000 1.000000 -0.844328
0.884000 1.000000 -0.876307
0.886000 1.000000 -0.904827
0.888000 1.000000 -0.929776
0.890000 1.000000 -0.951057
0.892000 1.000000 -0.968583
0.894000 1.000000 -0.982287
0.896000 1.000000 -0.992115
0.898000 1.000000 -0.998027
0.900000 1.000000 -1.000000
0.902000 1.000000 -0.998027
0.904000 1.000000 -0.992115
0.906000 1.000000 -0.982287
0.908000 1.000000 -0.968583
0.910000 1.000000 -0.951057
0.912000 1.000000 -0.929776
0.914000 1.000000 -0.904827
0.916000 1.000000 -0.876307
0.918000 1.000000 -0.844328
0.920000 1.000000 -0.809017
0.922000 1.000000 -0.770513
0.924000 1.000000 -0.728969
0.926000 1.000000 -0.684547
0.928000 1.000000 -0.637424
0.930000 1.000000 -0.587785
0.932000 1.000000 -0.535827
0.934000 1.000000 -0.481754
0.936000 1.000000 -0.425779
0.938000 1.000000 -0.368125
0.940000 1.000000 -0.309017
0.942000 1.000000 -0.248690
0.944000 1.000000 -0.187381
0.946000 1.000000 -0.125333
0.948000 1.000000 -0.062791
0.950000 1.000000 -0.000000
0.952000 1.000000 0.062791
0.954000 1.000000 0.125333
0.956000 1.000000 0.187381
0.958000 1.000000 0.248690
0.960000 1.000000 0.309017
0.962000 1.000000 0.368125
0.964000 1.000000 0.425779
0.966000 1.000000 0.481754
0.968000 1.000000 0.535827
0.970000 1.000000 0.587785
0.972000 1.000000 0.637424
0.974000 1.000000 0.684547
0.976000 1.000000 0.728969
0.978000 1.000000 0.770513
0.980000 1.000000 0.809017
0.982000 1.000000 0.844328
0.984000 1.000000 0.876307
0.986000 1.000000 0.904827
0.988000 1.000000 0.929776
0.990000 1.000000 0.951057
0.992000 1.000000 0.968583
0.994000 1.000000 0.982287
0.996000 1.000000 0.992115
0.998000 1.000000 0.998027
1.000000 1.000000 1.000000
1.002000 1.000000 0.998027
1.004000 1.000000 0.992115
1.006000 1.000000 0.982287
1.008000 1.000000 0.968583
1.010000 1.000000 0.951057
1.012000 1.000000 0.929776
1.014000 1.000000 0.904827
1.016000 1.000000 0.876307
1.018000 1.000000 0.844328
1.020000 1.000000 0.809017
1.022000 1.000000 0.770513
1.024000 1.000000 0.728969
1.026000 1.000000 0.684547
1.028000 1.000000 0.637424
1.030000 1.000000 0.587785
1.032000 1.000000 0.535827
1.034000 1.000000 0.481754
1.036000 1.000000 0.425779
1.038000 1.000000 0.368125
1.040000 1.000000 0.309017
1.042000 1.000000 0.248690
1.044000 1.000000 0.187381
1.046000 1.000000 0.125333
1.048000 1.000000 0.062791
1.050000 1.000000 -0.000000
1.052000 1.000000 -0.062791
1.054000 1.000000 -0.125333
1.056000 1.000000 -0.187381
1.058000 1.000000 -0.248690
1.060000 1.000000 -0.309017
1.062000 1.000000 -0.368125
1.064000 1.000000 -0.425779
1.066000 1.000000 -0.481754
1.068000 1.000000 -0.535827
1.070000 1.000000 -0.587785
1.072000 1.000000 -0.637424
1.074000 1.000000 -0.684547
1.076000 1.000000 -0.728969
1.078000 1.000000 -0.770513
1.080000 1.000000 -0.809017
1.082000 1.000000 -0.844328
1.084000 1.000000 -0.876307
1.086000 1.000000 -0.904827
1.088000 1.000000 -0.929776
1.090000 1.000000 -0.951057
1.092000 1.000000 -0.968583
1.094000 1.000000 -0.982287
1.096000 1.000000 -0.992115
1.098000 1.000000 -0.998027
1.100000 1.000000 -1.000000
1.102000 1.000000 -0.998027
1.104000 1.000000 -0.992115
1.106000 1.000000 -0.982287
1.108000 1.000000 -0.968583
1.110000 1.000000 -0.951057
1.112000 1.000000 -0.929776
1.114000 1.000000 -0.904827
1.116000 1.000000 -0.876307
1.118000 1.000000 -0.844328
1.120000 1.000000 -0.809017
1.122000 1.000000 -0.770513
1.124000 1.000000 -0.728969
1.126000 1.000000 -0.684547
1.128000 1.000000 -0.637424
1.130000 1.000000 -0.587785
1.132000 1.000000 -0.535827
1.134000 1.000000 -0.481754
1.136000 1.000000 -0.425779
1.138000 1.000000 -0.368125
1.140000 1.000000 -0.309017
1.142000 1.000000 -0.248690
1.144000 1.000000 -0.187381
1.146000 1.000000 -0.125333
1.148000 1.000000 -0.062791
1.150000 1.000000 -0.000000
1.152000 1.000000 0.062791
1.154000 1.000000 0.125333
1.156000 1.000000 0.187381
1.158000 1.000000 0.248690
1.160000 1.000000 0.309017
1.162000 1.000000 0.368125
1.164000 1.000000 0.425779
1.166000 1.000000 0.481754
1.168000 1.000000 0.535827
1.170000 1.000000 0.587785
1.172000 1.000000 0.637424
1.174000 1.000000 0.684547
1.176000 1.000000 0.728969
1.178000 1.000000 0.770513
1.180000 1.000000 0.809017
1.182000 1.000000 0.844328
1.184000 1.000000 0.876307
1.186000 1.000000 0.904827
1.188000 1.000000 0.929776
1.190000 1.000000 0.951057
1.192000 1.000000 0.968583
1.194000 1.000000 0.982287
1.196000 1.000000 0.992115
1.198000 1.000000 0.998027
1.200000 1.000000 1.000000
1.202000 1.000000 0.998027
1.204000 1.000000 0.992115
1.206000 1.000000 0.982287
1.208000 1.000000 0.968583
1.210000 1.000000 0.951057
1.212000 1.000000 0.929776
1.214000 1.000000 0.904827
1.216000 1.000000 0.876307
1.218000 1.000000 0.844328
1.220000 1.000000 0.809017
1.222000 1.000000 0.770513
1.224000 1.000000 0.728969
1.226000 1.000000 0.684547
1.228000 1.000000 0.637424
1.230000 1.000000 0.587785
1.232000 1.000000 0.535827
1.234000 1.000000 0.481754
1.236000 1.000000 0.425779
1.238000 1.000000 0.368125
1.240000 1.000000 0.309017
1.242000 1.000000 0.248690
1.244000 1.000000 0.187381
1.246000 1.000000 0.125333
1.248000 1.000000 0.062791
1.250000 1.000000 -0.000000
1.252000 1.000000 -0.062791
1.254000 1.000000 -0.125333
1.256000 1.000000 -0.187381
1.258000 1.000000 -0.248690
1.260000 1.000000 -0.309017
1.262000 1.000000 -0.368125
1.264000 1.000000 -0.425779
1.266000 1.000000 -0.481754
1.268000 1.000000 -0.535827
1.270000 1.000000 -0.587785
1.272000 1.000000 -0.637424
1.274000 1.000000 -0.684547
1.276000 1.000000 -0.728969
1.278000 1.000000 -0.770513
1.280000 1.000000 -0.809017
1.282000 1.000000 -0.844328
1.284000 1.000000 -0.876307
1.286000 1.000000 -0.904827
1.288000 1.000000 -0.929776
1.290000 1.000000 -0.951057
1.292000 1.000000 -0.968583
1.294000 1.000000 -0.982287
1.296000 1.000000 -0.992115
1.298000 1.000000 -0.998027
1.300000 1.000000 -1.000000
1.302000 1.000000 -0.998027
1.304000 1.000000 -0.992115
1.306000 1.000000 -0.982287
1.308000 1.000000 -0.968583
1.310000 1.000000 -0.951057
1.312000 1.000000 -0.929776
1.314000 1.000000 -0.904827
1.316000 1.000000 -0.876307
1.318000 1.000000 -0.844328
1.320000 1.000000 -0.809017
1.322000 1.000000 -0.770513
1.324000 1.000000 -0.728969
1.326000 1.000000 -0.684547
1.328000 1.000000 -0.637424
1.330000 1.000000 -0.587785
1.332000 1.000000 -0.535827
1.334000 1.000000 -0.481754
1.336000 1.000000 -0.425779
1.338000 1.000000 -0.368125
1.340000 1.000000 -0.309017
1.342000 1.000000 -0.248690
1.344000 1.000000 -0.187381
1.346000 1.000000 -0.125333
1.348000 1.000000 -0.062791
1.350000 1.000000 0.000000
1.352000 1.000000 0.062791
1.354000 1.000000 0.125333
1.356000 1.000000 0.187381
1.358000 1.000000 0.248690
1.360000 1.000000 0.309017
1.362000 1.000000 0.368125
1.364000 1.000000 0.425779
1.366000 1.000000 0.481754
1.368000 1.000000 0.535827
1.370000 1.000000 0.587785
1.372000 1.000000 0.637424
1.374000 1.000000 0.684547
1.376000 1.000000 0.728969
1.378000 1.000000 0.770513
1.380000 1.000000 0.809017
1.382000 1.000000 0.844328
1.384000 1.000000 0.876307
1.386000 1.000000 0.904827
1.388000 1.000000 0.929776
1.390000 1.000000 0.951057
1.392000 1.000000 0.968583
1.394000 1.000000 0.982287
1.396000 1.000000 0.992115
1.398000 1.000000 0.998027
1.400000 1.000000 1.000000
1.402000 1.000000 0.998027
1.404000 1.000000 0.992115
1.406000 1.000000 0.982287
1.408000 1.000000 0.968583
1.410000 1.000000 0.951057
1.412000 1.000000 0.929776
1.414000 1.000000 0.904827
1.416000 1.000000 0.876307
1.418000 1.000000 0.844328
1.420000 1.000000 0.809017
1.422000 1.000000 0.770513
1.424000 1.000000 0.728969
1.426000 1.000000 0.684547
1.428000 1.000000 0.637424
1.430000 1.000000 0.587785
1.432000 1.000000 0.535827
1.434000 1.000000 0.481754
1.436000 1.000000 0.425779
1.438000 1.000000 0.368125
1.440000 1.000000 0.309017
1.442000 1.000000 0.248690
1.444000 1.000000 0.187381
1.446000 1.000000 0.125333
1.448000 1.000000 0.062791
1.450000 1.000000 -0.000000
1.452000 1.000000 -0.062791
1.454000 1.000000 -0.125333
1.456000 1.000000 -0.187381
1.458000 1.000000 -0.248690
1.460000 1.000000 -0.309017
1.462000 1.000000 -0.368125
1.464000 1.000000 -0.425779
1.466000 1.000000 -0.481754
1.468000 1.000000 -0.535827
1.470000 1.000000 -0.587785
1.472000 1.000000 -0.637424
1.474000 1.000000 -0.684547
1.476000 1.000000 -0.728969
1.478000 1.000000 -0.770513
1.480000 1.000000 -0.809017
1.482000 1.000000 -0.844328
1.484000 1.000000 -0.876307
1.486000 1.000000 -0.904827
1.488000 1.000000 -0.929776
1.490000 1.000000 -0.951057
1.492000 1.000000 -0.968583
1.494000 1.000000 -0.982287
1.496000 1.000000 -0.992115
1.498000 1.000000 -0.998027
1.500000 1.000000 -1.000000
1.502000 1.000000 -0.998027
1.504000 1.000000 -0.992115
1.506000 1.000000 -0.982287
1.508000 1.000000 -0.968583
1.510000 1.000000 -0.951057
1.512000 1.000000 -0.929776
1.514000 1.000000 -0.904827
1.516000 1.000000 -0.876307
1.518000 1.000000 -0.844328
1.520000 1.000000 -0.809017
1.522000 1.000000 -0.770513
1.524000 1.000000 -0.728969
1.526000 1.000000 -0.684547
1.528000 1.000000 -0.637424
1.530000 1.000000 -0.587785
1.532000 1.000000 -0.535827
1.534000 1.000000 -0.481754
1.536000 1.000000 -0.425779
1.538000 1.000000 -0.368125
1.540000 1.000000 -0.309017
1.542000 1.000000 -0.248690
1.544000 1.000000 -0.187381
1.546000 1.000000 -0.125333
1.548000 1.000000 -0.062791
1.550000 1.000000 -0.000000
1.552000 1.000000 0.062791
1.554000 1.000000 0.125333
1.556000 1.000000 0.187381
1.558000 1.000000 0.248690
1.560000 1.000000 0.309017
1.562000 1.000000 0.368125
1.564000 1.000000 0.425779
1.566000 1.000000 0.481754
1.568000 1.000000 0.535827
1.570000 1.000000 0.587785
1.572000 1.000000 0.637424
1.574000 1.000000 0.684547
1.576000 1.000000 0.728969
1.578000 1.000000 0.770513
1.580000 1.000000 0.809017
1.582000 1.000000 0.844328
1.584000 1.000000 0.876307
1.586000 1.000000 0.904827
1.588000 1.000000 0.929776
1.590000 1.000000 0.951057
1.592000 1.000000 0.968583
1.594000 1.000000 0.982287
1.596000 1.000000 0.992115
1.598000 1.000000 0.998027
1.600000 1.000000 1.000000
1.602000 1.000000 0.998027
1.604000 1.000000 0.992115
1.606000 1.000000 0.982287
1.608000 1.000000 0.968583
1.610000 1.000000 0.951057
1.612000 1.000000 0.929776
1.614000 1.000000 0.904827
1.616000 1.000000 0.876307
1.618000 1.000000 0.844328
1.620000 1.000000 0.809017
1.622000 1.000000 0.770513
1.624000 1.000000 0.728969
1.626000 1.000000 0.684547
1.628000 1.000000 0.637424
1.630000 1.000000 0.587785
1.632000 1.000000 0.535827
1.634000 1.000000 0.481754
1.636000 1.000000 0.425779
1.638000 1.000000 0.368125
1.640000 1.000000 0.309017
1.642000 1.000000 0.248690
1.644000 1.000000 0.187381
1.646000 1.000000 0.125333
1.648000 1.000000 0.062791
1.650000 1.000000 0.000000
1.652000 1.000000 -0.062791
1.654000 1.000000 -0.125333
1.656000 1.000000 -0.187381
1.658000 1.000000 -0.248690
1.660000 1.000000 -0.309017
1.662000 1.000000 -0.368125
1.664000 1.000000 -0.425779
1.666000 1.000000 -0.481754
1.668000 1.000000 -0.535827
1.670000 1.000000 -0.587785
1.672000 1.000000 -0.637424
1.674000 1.000000 -0.684547
1.676000 1.000000 -0.728969
1.678000 1.000000 -0.770513
1.680000 1.000000 -0.809017
1.682000 1.000000 -0.844328
1.684000 1.000000 -0.876307
1.686000 1.000000 -0.904827
1.688000 1.000000 -0.929776
1.690000 1.000000 -0.951057
1.692000 1.000000 -0.968583
1.694000 1.000000 -0.982287
1.696000 1.000000 -0.992115
1.698000 1.000000 -0.998027
1.700000 1.000000 -1.000000
1.702000 1.000000 -0.998027
1.704000 1.000000 -0.992115
1.706000 1.000000 -0.982287
1.708000 1.000000 -0.968583
1.710000 1.000000 -0.951057
1.712000 1.000000 -0.929776
1.714000 1.000000 -0.904827
1.716000 1.000000 -0.876307
1.718000 1.000000 -0.844328
1.720000 1.000000 -0.809017
1.722000 1.000000 -0.770513
1.724000 1.000000 -0.728969
1.726000 1.000000 -0.684547
1.728000 1.000000 -0.637424
1.730000 1.000000 -0.587785
1.732000 1.000000 -0.535827
1.734000 1.000000 -0.481754
1.736000 1.000000 -0.425779
1.738000 1.000000 -0.368125
1.740000 1.000000 -0.309017
1.742000 1.000000 -0.248690
1.744000 1.000000 -0.187381
1.746000 1.000000 -0.125333
1.748000 1.000000 -0.062791
1.750000 1.000000 -0.000000
1.752000 1.000000 0.062791
1.754000 1.000000 0.125333
1.756000 1.000000 0.187381
1.758000 1.000000 0.248690
1.760000 1.000000 0.309017
1.762000 1.000000 0.368125
1.764000 1.000000 0.425779
1.766000 1.000000 0.481754
1.768000 1.000000 0.535827
1.770000 1.000000 0.587785
1.772000 1.000000 0.637424
1.774000 1.000000 0.684547
1.776000 1.000000 0.728969
1.778000 1.000000 0.770513
1.780000 1.000000 0.809017
1.782000 1.000000 0.844328
1.784000 1.000000 0.876307
1.786000 1.000000 0.904827
1.788000 1.000000 0.929776
1.790000 1.000000 0.951057
1.792000 1.000000 0.968583
1.794000 1.000000 0.982287
1.796000 1.000000 0.992115
1.798000 1.000000 0.998027
1.800000 1.000000 1.000000
1.802000 1.000000 0.998027
1.804000 1.000000 0.992115
1.806000 1.000000 0.982287
1.808000 1.000000 0.968583
1.810000 1.000000 0.951057
1.812000 1.000000 0.929776
1.814000 1.000000 0.904827
1.816000 1.000000 0.876307
1.818000 1.000000 0.844328
1.820000 1.000000 0.809017
1.822000 1.000000 0.770513
1.824000 1.000000 0.728969
1.826000 1.000000 0.684547
1.828000 1.000000 0.637424
1.830000 1.000000 0.587785
1.832000 1.000000 0.535827
1.834000 1.000000 0.481754
1.836000 1.000000 0.425779
1.838000 1.000000 0.368125
1.840000 1.000000 0.309017
1.842000 1.000000 0.248690
1.844000 1.000000 0.187381
1.846000 1.000000 0.125333
1.848000 1.000000 0.062791
1.850000 1.000000 0.000000
1.852000 1.000000 -0.062791
1.854000 1.000000 -0.125333
1.856000 1.000000 -0.187381
1.858000 1.000000 -0.248690
1.860000 1.000000 -0.309017
1.862000 1.000000 -0.368125
1.864000 1.000000 -0.425779
1.866000 1.000000 -0.481754
1.868000 1.000000 -0.535827
1.870000 1.000000 -0.587785
1.872000 1.000000 -0.637424
1.874000 1.000000 -0.684547
1.876000 1.000000 -0.728969
1.878000 1.000000 -0.770513
1.880000 1.000000 -0.809017
1.882000 1.000000 -0.844328
1.884000 1.000000 -0.876307
1.886000 1.000000 -0.904827
1.888000 1.000000 -0.929776
1.890000 1.000000 -0.951057
1.892000 1.000000 -0.968583
1.894000 1.000000 -0.982287
1.896000 1.000000 -0.992115
1.898000 1.000000 -0.998027
1.900000 1.000000 -1.000000
1.902000 1.000000 -0.998027
1.904000 1.000000 -0.992115
1.906000 1.000000 -0.982287
1.908000 1.000000 -0.968583
1.910000 1.000000 -0.951057
1.912000 1.000000 -0.929776
1.914000 1.000000 -0.904827
1.916000 1.000000 -0.876307
1.918000 1.000000 -0.844328
1.920000 1.000000 -0.809017
1.922000 1.000000 -0.770513
1.924000 1.000000 -0.728969
1.926000 1.000000 -0.684547
1.928000 1.000000 -0.637424
1.930000 1.000000 -0.587785
1.932000 1.000000 -0.535827
1.934000 1.000000 -0.481754
1.936000 1.000000 -0.425779
1.938000 1.000000 -0.368125
1.940000 1.000000 -0.309017
1.942000 1.000000 -0.248690
1.944000 1.000000 -0.187381
1.946000 1.000000 -0.125333
1.948000 1.000000 -0.062791
1.950000 1.000000 -0.000000
1.952000 1.000000 0.062791
1.954000 1.000000 0.125333
1.956000 1.000000 0.187381
1.958000 1.000000 0.248690
1.960000 1.000000 0.309017
1.962000 1.000000 0.368125
1.964000 1.000000 0.425779
1.966000 1.000000 0.481754
1.968000 1.000000 0.535827
1.970000 1.000000 0.587785
1.972000 1.000000 0.637424
1.974000 1.000000 0.684547
1.976000 1.000000 0.728969
1.978000 1.000000 0.770513
1.980000 1.000000 0.809017
1.982000 1.000000 0.844328
1.984000 1.000000 0.876307
1.986000 1.000000 0.904827
1.988000 1.000000 0.929776
1.990000 1.000000 0.951057
1.992000 1.000000 0.968583
1.994000 1.000000 0.982287
1.996000 1.000000 0.992115
1.998000 1.000000 0.998027
